ducke_chm.asc
ncols 484
nrows 677
xllcorner 174708.0000
yllcorner 9674355.0000
cellsize 1.0000
nodata_value -9999
[rows 364 to 389 of 677, columns 120 to 179 of 484]
36.284821 20.823669 20.856354 19.789818 18.759834 19.628441 20.245041 24.507813 24.297356 25.161644 26.326607 26.040634 25.284935 25.646126 26.546974 28.816658 29.682396 28.661858 29.090530 29.267357 28.989220 29.022217 29.211113 28.989510 28.006409 28.444763 26.887901 16.606430 17.286499 17.509315 15.991867 22.691826 24.353241 24.322868 23.122482 23.866135 19.731773 19.869972 19.628304 20.231216 20.014610 19.429512 19.601074 24.456650 25.510010 27.498238 27.372246 28.240501 28.638039 28.179848 27.891449 26.872276 21.086227 25.363930 26.731506 27.013412 24.296043 24.842201 25.455223 31.777863
20.615891 21.075165 21.412186 21.150803 20.401115 22.179543 21.945511 24.218269 24.057198 24.069672 24.200714 26.167854 25.219193 25.627098 25.654709 28.781960 28.663872 28.900047 29.738396 29.840103 29.445717 29.184402 29.295364 28.612579 28.561188 28.534714 28.691750 26.327858 18.164337 17.066963 15.217148 15.512970 21.874237 22.091965 21.719612 16.683907 17.942535 18.555817 19.432159 20.130905 20.066750 19.597565 19.823639 24.769600 27.093636 27.478134 27.626518 28.497513 29.112846 28.550056 28.108635 27.864563 27.353951 26.279556 9.951736 24.341698 24.955032 25.153618 32.401093 32.450775
21.055595 21.393768 21.376724 21.871841 22.172386 22.082497 22.260872 21.489868 23.464226 23.654724 23.177635 19.735558 20.558060 20.521072 18.816010 28.663010 28.699600 28.975204 29.671539 29.920151 29.058746 28.669594 28.675690 29.046265 28.572609 28.859352 28.815613 25.817322 18.489365 18.223671 16.135048 16.149666 15.640594 14.726242 14.968040 14.926865 18.296730 18.970207 20.047943 19.915375 20.559441 21.293976 24.193832 26.189102 27.259239 28.020493 28.288918 27.996773 28.813324 28.755417 28.732063 28.609970 28.888130 28.271729 10.890648 24.504410 24.933128 25.199211 32.023392 32.610954
21.025856 20.867538 20.980934 21.030678 22.158615 21.853508 22.093742 21.179626 20.578270 19.449730 18.865929 19.542046 20.676704 18.954445 18.530006 26.702293 28.330414 28.561935 28.780754 28.934464 28.782677 28.543671 28.437004 28.808167 29.048264 28.365990 28.063965 17.779846 18.673874 18.298813 17.472717 16.051483 16.103027 15.213913 15.743492 16.630371 18.335381 18.683479 23.186134 23.234673 22.738548 22.842819 26.627632 27.445274 27.757301 29.113289 28.985603 28.654121 28.738419 29.132568 29.934975 29.519463 28.974083 28.298531 26.306007 24.560699 24.825554 25.087029 24.405022 31.009209
20.627296 20.909386 20.741798 20.624359 21.221161 20.930954 21.397934 21.455963 18.761047 19.062141 20.006897 20.460167 17.410614 18.469429 18.347763 18.639374 27.191788 27.804504 27.732140 28.752274 28.790085 28.151535 28.151009 28.679123 28.821411 27.301994 24.906914 18.278214 18.272614 18.344955 17.092453 16.051308 15.776588 14.901276 16.624107 16.978683 17.122139 22.609932 23.553368 23.670609 23.767403 23.129272 26.909447 28.076843 28.460648 29.121460 29.675926 29.692245 29.480591 29.932365 29.857674 29.453995 29.167862 28.118820 27.849594 26.361725 24.711937 24.516083 23.271927 22.699821
20.714958 20.592140 19.918655 20.636185 21.134659 20.237015 20.689041 20.465874 21.889526 21.174263 21.964676 21.833168 19.808151 17.103447 18.155510 18.317924 17.006981 27.852043 26.324333 27.904251 28.469879 28.178925 27.647339 25.532547 24.262405 20.589699 19.981354 17.379784 17.332436 17.206711 16.843964 14.977959 14.777252 13.791092 16.057846 16.838509 17.292839 22.887901 23.692139 23.959068 23.576172 23.146790 26.857643 28.086342 28.540123 29.381760 30.210526 30.606308 29.906868 29.637688 29.548584 28.914680 28.858818 28.147133 28.161789 27.361092 26.451118 26.929245 27.007164 26.976143
15.197937 16.597672 20.775444 20.617310 21.274918 20.130974 20.033936 21.161560 22.180557 21.987610 20.800880 22.789268 22.347992 9.791557 16.553207 16.553490 16.047974 14.640137 27.411613 27.494148 28.148415 27.855980 25.772041 25.958252 24.558548 22.295540 21.441521 19.285309 16.999527 21.376404 19.568024 21.229706 20.992790 14.441742 15.756569 16.307175 14.990265 23.335190 23.639465 23.709602 23.118912 23.420288 27.212311 27.507370 28.046539 29.283279 30.268829 30.624062 30.548790 30.207649 29.771843 29.000328 28.602364 28.640968 28.305267 27.521118 26.892838 27.413086 27.881935 27.777649
15.524544 16.403694 17.125252 20.966400 20.966942 19.981743 20.031731 21.116013 22.046913 21.008301 21.176086 21.896294 11.182976 11.518715 12.458748 12.788597 11.416855 11.783455 14.573975 18.073921 24.779655 24.929092 25.856773 25.793526 24.791763 22.365822 22.066246 20.670502 20.597183 21.649399 21.963150 21.615387 21.386169 20.434837 15.210182 18.002518 19.686653 20.233986 23.371384 23.012268 22.895096 24.546097 26.323143 28.394829 28.837204 29.729408 29.838013 30.574425 30.379646 30.160583 29.845169 29.282082 29.132210 29.365013 28.757286 28.356316 27.315331 28.243782 28.127762 27.866020
20.407806 19.771652 16.804642 19.918602 19.278267 19.308861 20.293976 20.390366 22.115952 20.797127 21.598846 21.436600 17.948486 15.871010 13.700783 13.554901 12.365822 11.576408 11.537964 10.816956 23.119209 24.471359 24.216919 26.640350 26.607605 26.657768 22.287498 21.734871 21.501198 21.734093 21.898148 22.015213 21.497429 20.928116 15.845276 16.273567 17.608391 20.096840 22.718163 23.122429 23.228218 22.966721 26.501312 28.580505 29.562119 29.859604 29.676414 30.308449 30.200073 29.631889 28.886719 28.941994 29.022331 29.282242 28.442734 28.269081 27.541183 28.200836 29.060562 29.116844
19.973106 19.757904 16.297646 19.168037 19.184761 19.631531 20.653511 17.977539 21.750862 19.897606 20.314598 20.935204 17.970253 17.616577 12.428482 13.363770 11.416725 11.465965 11.174431 10.057518 10.380234 22.956047 25.376144 26.513382 26.885574 26.902428 26.271072 26.494957 26.513603 22.520142 22.073807 22.334396 20.975273 19.641434 16.384293 16.516647 16.576859 15.860291 14.511543 22.955269 23.292633 22.640076 25.690521 27.830894 29.689354 29.764977 29.685608 29.747154 28.822670 26.119125 25.663597 27.508232 27.418190 26.821129 27.620140 20.009552 28.661789 28.450264 29.360497 29.293579
19.660889 17.292603 16.810814 19.191399 18.954956 19.963715 11.853004 18.180557 18.953697 19.775742 20.097031 20.214569 18.426537 17.678062 15.519157 16.375748 16.847160 15.880486 6.440277 9.042763 11.396042 11.544785 11.340225 25.597466 26.591591 27.080597 25.700813 27.051605 26.816475 22.348282 22.396767 26.099060 26.102104 26.564407 15.836754 16.279358 16.743645 14.929245 14.752876 22.416939 22.932472 22.467293 26.069969 27.029083 27.867424 29.124146 26.667557 29.652451 25.056541 25.778770 26.694504 26.887459 26.784393 26.632210 19.744576 29.059746 29.382561 30.264763 30.268166 30.194206
19.665672 19.355507 16.777748 15.508873 14.872787 13.849991 11.209915 18.013481 18.311913 18.619865 19.850655 20.177582 20.493843 20.560333 16.847908 16.603348 16.723969 16.049461 14.561157 7.789314 11.511688 11.745827 15.349030 25.755028 26.050705 26.148788 25.598175 27.319702 26.961967 22.346367 22.276108 26.176361 26.357803 26.568069 25.644852 24.312447 14.476662 14.376778 15.707268 17.828918 22.501114 21.857246 26.043739 29.029999 26.460182 26.233559 26.336349 29.198265 28.563705 28.867188 29.075378 29.284935 28.931381 28.854950 13.296913 29.362991 29.540909 30.242111 30.623825 30.433350
16.426559 15.412796 14.862762 15.007118 13.659668 13.064278 11.504837 8.066422 18.277199 17.829948 18.277695 19.748184 20.385201 20.598930 17.726166 17.251686 16.759186 15.067673 14.449707 12.434891 11.228256 11.083580 14.879898 25.572052 24.931648 24.675804 20.239502 21.184349 22.186737 21.723648 24.047401 26.509102 26.525627 27.228447 26.480476 23.999016 13.115326 15.923592 17.060829 18.972275 18.609764 18.493080 17.750717 29.419258 29.693138 17.632446 29.791893 29.906967 30.126534 29.306404 28.935410 29.160011 28.854965 29.292740 28.769295 28.815338 30.029541 30.834480 30.792923 30.661537
16.684624 16.318649 14.903603 15.082527 13.288094 7.857269 7.060753 6.009445 4.393387 17.622467 17.776062 2.120430 17.605232 17.617592 18.210312 17.667183 16.108131 15.003387 14.189041 13.070412 12.514641 11.604149 14.813950 15.360466 18.287933 18.627083 20.377708 21.174896 21.177055 23.649185 24.093658 27.117920 27.470840 27.438255 26.485321 25.448158 15.088242 16.781219 16.971092 19.072220 18.996559 18.012848 28.567535 29.380096 30.422127 30.594658 30.459480 30.371506 30.686722 30.135559 30.098404 29.015732 29.632828 29.968437 29.693253 29.361580 30.097855 30.755348 30.560692 30.629944
17.122894 17.194984 14.829521 3.316017 4.126915 2.863586 2.672470 2.651718 3.532288 3.049095 5.006813 5.661072 6.086258 15.291916 17.418541 16.158722 15.652679 15.725891 13.632385 14.858299 14.050232 10.732872 11.757088 15.931770 18.147926 18.281746 20.425667 19.947556 21.271347 23.762131 26.273590 27.638138 27.849777 27.705154 26.342850 25.464798 15.404633 16.544334 17.247047 17.392731 17.637352 17.648262 29.584656 30.388992 30.098991 29.889908 30.031509 30.994095 31.038841 30.328087 30.037590 30.559143 31.126938 31.177925 30.447556 29.188789 29.840691 29.926842 29.294876 29.250122
17.859222 20.877029 20.786224 16.557831 18.210213 11.895630 1.678474 2.659187 6.111923 1.077858 3.514702 5.137634 5.647400 13.773071 15.686035 15.024315 15.834595 15.058640 13.719795 16.301796 15.776772 11.148666 11.250587 11.773102 15.859711 16.990425 20.340630 21.188690 21.547165 21.925179 26.074600 27.340202 27.121017 26.656593 25.747154 19.171120 15.496658 16.015526 17.521889 17.651794 17.461716 17.373978 29.446579 29.917244 30.279915 28.800392 30.625931 30.883148 30.798691 30.655045 30.128441 30.923302 31.902061 31.396896 31.081505 28.681198 28.213806 28.965485 29.025192 29.069160
18.577469 22.437988 22.762321 22.312813 18.657982 15.532097 10.094330 8.054634 7.719284 7.699524 6.862389 4.715584 1.664925 5.340141 5.208214 11.507828 11.783455 16.973274 16.609009 16.911926 15.059547 13.322800 12.227188 10.886986 9.780334 12.308723 16.694542 21.238052 21.134857 22.152901 22.674149 24.627525 24.625946 25.895897 25.831253 18.994194 14.591446 17.413147 17.973114 18.277443 17.752533 17.476753 24.717163 29.319916 28.100571 29.637077 28.130684 29.497726 30.595276 30.933525 30.320549 31.761009 31.845329 31.519974 31.380753 30.026749 28.052856 26.999779 27.123123 26.553284
24.422264 21.686356 22.754082 22.672630 17.957344 14.911720 22.544266 14.885002 7.865891 8.018730 6.947235 6.915215 4.936218 4.500343 5.295181 5.216721 17.103935 17.503548 17.776909 17.877632 17.030670 14.523407 14.251381 11.049522 8.894661 12.316986 12.446320 19.808571 20.472824 22.090828 22.630058 22.702850 22.307434 21.344994 19.324440 18.524689 17.758133 17.715630 18.293762 18.218979 17.508438 22.422714 25.536499 27.839859 29.254333 29.447495 29.734924 30.514450 31.013008 31.973015 31.733650 31.449493 31.859947 31.483803 30.099098 28.800682 27.337074 27.171745 27.639923 27.057755
24.537560 22.550140 22.506203 22.867371 22.758011 18.026100 24.000748 24.556725 23.586411 7.791603 7.108238 7.113510 7.620781 5.033142 5.901230 5.569099 17.347710 17.736992 17.815559 17.458511 16.936295 15.462822 14.926483 11.895386 8.749146 11.914711 13.188911 18.223892 20.142738 19.232697 21.802429 21.711189 20.307259 19.087914 18.397079 18.148521 17.674583 18.076683 17.935089 17.970459 18.257965 25.308563 25.766159 28.292038 28.800957 29.416740 31.011612 30.989326 31.259552 32.159554 32.236595 32.033928 30.389999 29.912781 29.182236 28.677650 27.061897 27.694870 27.537682 27.268929
22.956932 23.218613 21.961060 22.408897 22.046509 17.910492 24.204720 24.423546 24.210075 20.987381 7.683838 7.622749 7.232834 6.667450 4.368637 17.365761 17.656433 16.778297 17.779541 17.440376 16.479752 15.332092 14.251839 12.895363 12.018158 10.154541 16.250000 15.697517 20.187477 19.335022 19.583008 19.181366 18.685799 19.003380 18.678352 19.146255 19.296013 17.726524 19.331520 18.008392 18.098373 25.321510 26.017387 28.016083 28.976776 31.653191 32.082581 31.623123 31.245255 31.182281 32.203583 32.167152 30.932304 29.798340 29.782791 27.101021 27.625458 27.528259 27.714348 27.037544
21.761154 20.921516 14.119728 21.404564 17.555763 21.995026 23.268463 24.223686 23.834251 22.385544 8.571373 7.519226 5.642235 11.547096 11.392830 17.546967 18.097565 17.325500 16.551620 16.401390 16.176323 12.817139 12.651161 12.790344 12.652161 10.526688 16.125267 19.967453 20.383385 19.166077 18.541489 19.341415 19.898460 14.452255 18.626793 18.884995 19.182030 19.113197 19.538635 19.085434 16.978447 24.919502 25.819702 27.199242 28.547447 31.567078 31.795921 31.811905 30.527061 30.864449 31.477242 31.995529 31.484367 30.613213 29.680687 27.222366 28.360802 28.305031 27.775436 26.936256
18.512001 23.719505 24.072945 15.776329 16.123680 15.693596 22.658737 23.695007 23.227364 10.320808 8.789101 7.398560 10.490944 11.647690 12.457222 16.859985 15.651138 14.199097 14.821960 15.705620 12.061935 12.563759 12.688721 13.313332 13.363937 12.604065 16.282272 16.958725 20.376587 19.817947 18.680603 19.558929 19.670357 18.573395 19.091255 19.098274 19.116684 19.422432 19.701958 14.677719 15.159393 14.821556 24.572960 27.145615 27.628441 31.446564 31.268898 30.388435 30.732887 31.301910 31.408684 30.984169 31.625130 31.097549 30.005653 27.604744 28.392769 28.029442 27.836998 26.853233
21.785851 24.908356 25.532875 24.807068 24.685295 15.354385 15.195236 11.294067 22.366951 9.858932 8.996605 8.091583 12.080185 12.469185 12.541512 17.067284 14.810387 16.998138 15.827095 15.872612 13.396538 12.257492 13.460976 13.358612 13.237076 12.783836 12.914925 16.523338 19.699211 19.193581 19.523956 19.480843 19.415588 18.993004 18.997879 19.023987 18.996246 18.694756 17.613525 17.982185 20.088524 21.628944 21.093002 20.975723 22.154953 27.071541 30.325203 29.912231 30.460487 30.161270 29.632965 27.961418 31.176758 30.926613 29.982094 26.573357 27.541115 27.608673 27.723663 27.601189
28.607628 24.733002 24.722443 25.209106 24.687424 4.402885 10.903793 11.226059 10.913719 10.065750 9.687157 10.034935 12.162476 12.584755 12.537521 14.517982 16.624588 17.028038 16.861069 16.117332 13.841484 12.468224 13.196053 13.436310 13.699532 13.168495 13.875275 24.017090 24.712006 24.764626 25.016197 18.026970 19.069710 19.214195 18.792671 19.026802 19.510567 19.405724 19.199631 19.736412 20.946854 21.914093 21.247009 21.200668 21.648361 25.123070 24.481804 29.443741 30.432968 29.482155 29.033440 29.735222 30.789459 30.273010 19.350136 25.662148 26.300591 28.976707 29.265045 29.631119
25.179092 23.905426 25.041313 25.144897 25.120293 24.584106 11.234039 11.473991 10.523117 11.796204 9.889191 9.733597 10.407120 10.873573 13.227776 15.486717 16.420303 16.819633 16.320969 14.257317 14.041183 12.656387 13.288284 13.730675 13.564919 13.790665 13.835434 25.938667 24.783112 25.493591 26.019623 15.317436 18.748131 18.516808 19.096985 19.486595 19.588654 19.857826 19.933281 19.828247 21.766014 22.192329 21.358421 21.303726 21.063789 25.260475 25.543564 24.402390 24.784401 24.764328 28.276085 29.706261 29.398277 18.957870 19.108994 19.517769 28.449661 29.066299 29.309868 29.942085
25.056808 24.193207 24.914894 24.731735 24.875122 24.894089 11.013229 9.950264 9.756554 11.884842 12.138588 12.059235 10.132324 13.548744 14.751244 14.720375 15.464531 16.662468 15.712524 14.710228 14.120239 13.194153 13.430283 13.586739 13.487366 14.049858 28.816406 29.023911 27.716530 27.062920 26.859070 25.867561 24.891685 18.005287 19.572433 19.694000 19.802383 19.998390 20.932823 20.991806 21.290871 21.937820 21.673996 21.238106 18.061394 25.611893 25.520081 25.220123 24.431290 24.068016 23.846550 28.956879 29.065254 19.709961 18.866005 19.431084 29.324768 29.558006 29.829788 29.912033
