ducke_surface.asc
ncols 484
nrows 677
xllcorner 174708.0000
yllcorner 9674355.0000
cellsize 1.0000
nodata_value -9999
[rows 52 to 77 of 677, columns 420 to 479 of 484]
97.408012 97.374123 97.294800 97.274155 97.284119 97.357910 97.350014 97.273056 97.264999 97.323631 97.383522 97.433441 97.449295 97.472008 97.497612 97.586678 97.616394 97.651115 97.698685 97.654388 97.589996 97.620003 97.760002 97.574661 97.529556 97.490410 97.534851 97.484573 97.495209 97.539116 97.575890 97.627693 97.647095 97.662880 97.700264 97.835007 97.739159 97.697990 97.650551 97.545319 97.469467 97.388000 97.599739 97.699997 97.640327 97.613632 97.595352 97.578690 97.515335 97.473412 97.489998 97.499741 97.510727 97.449997 97.470596 97.371132 97.247505 97.192604 97.268509 97.270752
97.451607 97.366364 97.376877 97.308685 97.342926 97.358521 97.336174 97.367065 97.350006 97.424507 97.423531 97.434769 97.446358 97.465263 97.511299 97.543358 97.698082 97.739655 97.751968 97.687386 97.631241 97.634773 97.577499 97.110001 97.488983 97.515907 97.412254 97.392303 97.434868 97.557495 97.570000 97.701591 97.694740 97.658836 97.660316 97.688347 97.845001 97.691376 97.591972 97.582642 97.516945 97.669998 97.709999 97.656479 97.744995 97.575272 97.552711 97.530853 97.501381 97.483597 97.457848 97.645004 97.462311 97.434624 97.481911 97.414085 96.879997 97.223701 97.232491 97.216866
97.403244 97.386566 97.356911 97.347977 97.351013 97.335060 97.379791 97.408585 97.405647 97.452095 97.463135 97.455338 97.463631 97.486198 97.508568 97.584999 97.684769 98.139999 97.762436 97.658554 97.633011 97.615547 97.690002 97.769997 97.529617 97.482376 97.406670 96.980003 97.460686 97.646667 98.000000 97.720154 97.658775 97.669975 97.459999 97.589996 97.655296 97.594963 97.548523 97.524658 97.518539 97.562210 97.587914 97.639999 97.485001 97.442459 97.460213 97.445755 97.459976 97.459702 97.330002 97.299995 97.451553 97.511444 97.574394 97.730003 97.390594 97.319305 97.288750 97.050003
97.374870 97.334076 97.352692 97.324501 97.326378 97.360161 97.391548 97.433838 97.427391 97.464851 97.459717 97.472519 97.474983 97.481476 97.470001 97.513947 97.630600 97.688080 97.680779 97.540001 97.541496 97.607338 97.661606 97.681778 97.629791 97.544983 97.443375 97.413445 97.434998 97.919998 97.738586 97.660004 97.684624 97.665642 97.870003 97.607613 97.549980 97.498856 97.498474 97.492867 97.450859 97.457664 97.476044 97.436676 97.110001 97.375900 97.431091 97.458115 97.449333 97.449707 97.429550 97.196663 97.484070 97.525787 97.584023 97.615303 97.505241 97.440552 97.391891 97.318176
97.312004 97.309525 97.300331 97.290947 97.322639 97.376884 97.423698 97.444138 97.444603 97.466614 97.479752 97.480370 97.497780 97.491005 97.487823 97.540001 97.505592 97.602829 97.559044 97.545555 97.500000 97.591911 97.750000 97.611687 97.564194 97.485710 97.508835 97.553337 97.595001 97.573296 97.648430 97.631310 97.622154 97.662743 97.670326 97.600311 97.389999 97.486366 97.507294 97.511330 97.428490 97.401596 97.394104 97.422523 97.412872 97.437042 97.512924 97.542534 97.500175 97.499603 97.521721 97.769997 97.608223 97.577225 97.569984 97.588348 97.490112 97.439301 97.442429 97.445580
97.284637 97.255394 97.251389 97.259628 97.321358 97.376167 97.461578 97.490685 97.379997 97.525002 97.459999 97.492668 97.490685 97.501907 97.495331 97.490326 97.484100 97.523567 97.515915 97.459999 97.603333 97.565002 97.494537 97.486420 97.455910 97.470062 97.459930 97.483330 97.482635 97.495270 97.419998 97.760002 97.646820 97.632370 97.680000 97.559921 97.510147 97.482780 97.481522 97.464531 97.417313 97.190002 97.300003 97.446548 97.595001 97.400002 97.639999 97.580002 97.477448 97.477592 97.561394 97.722504 97.632095 97.563286 97.559998 97.558998 97.458000 97.467621 97.488235 97.446091
97.180000 97.219536 97.234322 97.245056 97.294357 97.425682 97.528038 97.610001 97.535629 97.459999 97.507164 97.503334 97.513016 97.507637 97.496017 97.484108 97.456009 97.485886 97.461700 97.461922 97.428413 97.398026 97.264999 97.419670 97.449814 97.403786 97.396835 97.412521 97.454529 97.389999 97.326660 97.581741 97.634613 97.581535 97.581940 97.556801 97.505005 97.595001 97.393333 97.546066 97.440002 97.390785 97.376068 97.440979 97.456032 97.385002 96.980003 97.334999 97.425858 97.522346 97.508835 97.511345 97.500488 97.516289 97.517426 97.477257 97.421394 97.407974 97.443886 97.434349
97.303612 97.154999 97.201355 97.193138 97.280777 97.423576 97.690002 97.540001 97.720001 97.558578 97.532890 97.556236 97.540825 97.513092 97.484154 97.478470 97.455536 97.455086 97.443283 97.397392 97.366173 97.199997 97.361511 97.660004 97.406845 97.269997 97.310081 97.393791 97.425705 97.510002 97.680000 97.629997 97.569122 97.601326 97.574677 97.511055 97.492836 97.678337 97.769997 97.631996 97.547188 97.489792 97.460526 97.456566 97.445190 97.353981 97.292938 97.260002 97.454376 97.654999 97.488167 97.300003 97.430252 97.474701 97.515648 97.520271 97.339996 97.480827 97.537880 97.447769
97.199997 97.500000 96.919998 97.145004 97.239998 97.482559 97.534615 97.547523 97.559998 97.523994 97.559998 97.650002 97.538292 97.491776 97.474144 97.462303 97.460266 97.477325 97.412056 97.343895 97.314415 97.307419 97.364998 97.453445 97.385002 97.129997 97.307457 97.349579 97.406532 97.408234 97.050003 97.446617 97.502327 97.573692 97.790001 97.129997 97.416939 97.547646 97.879997 97.664558 97.588608 97.557137 97.526520 97.492470 97.427490 97.406723 97.353256 97.387482 97.441475 97.570000 97.447983 97.404312 97.445686 97.459999 97.629997 97.571480 97.568237 97.583015 97.557030 97.552071
97.477051 97.680000 97.326004 96.970001 97.739998 97.502083 97.522583 97.500610 97.443901 97.370003 97.580002 97.486794 97.449738 97.452621 97.440002 97.443146 97.436333 97.456184 97.392418 97.166664 97.320816 97.325729 97.356224 97.540001 97.425003 97.356285 97.384148 97.444260 97.472183 97.416710 97.355011 97.385323 97.433617 97.497765 97.510201 97.474243 97.120003 97.440002 97.489998 97.552292 97.580246 97.590973 97.572945 97.529999 97.343330 97.361351 97.459999 97.360222 97.375031 97.419197 97.269997 97.441109 97.485046 97.540001 97.476662 97.602203 97.790001 97.631645 97.624298 97.589729
97.550003 97.639061 97.839996 97.190002 97.394875 97.495934 97.493919 97.464813 97.442535 97.352417 97.314781 97.337280 97.401794 97.421478 97.448486 97.450272 97.457268 97.459976 97.432922 97.377724 97.373047 97.302597 97.227501 97.331314 97.279999 97.540001 97.484871 97.502686 97.529999 97.506874 97.431389 97.457359 97.516663 97.459999 97.563148 97.699997 97.584999 97.494003 97.481430 97.260002 97.769997 97.644859 97.607361 97.662498 97.190002 97.383087 97.397293 97.199997 97.369911 97.461517 97.486298 97.491203 97.589996 97.389999 97.498512 97.581558 97.614990 97.646385 97.660660 97.591011
97.430000 97.834999 97.830002 97.527573 97.439285 97.412231 97.423073 97.415207 97.395256 97.311203 96.910004 97.389999 97.420288 97.443832 97.444214 97.473083 97.456139 97.458488 97.481491 97.570000 97.435822 97.319733 97.139999 97.316765 97.366676 97.451553 97.522949 97.521530 97.514801 97.494690 97.431419 97.466202 97.464905 97.475250 97.519135 97.492035 97.084999 97.630005 97.503334 97.610001 97.626282 97.630592 97.631798 97.599930 97.565002 97.491631 97.443993 97.400330 97.478745 97.581924 97.586823 97.582191 97.560875 97.547829 97.514626 97.525192 97.632042 97.681892 97.657372 97.584290
97.517502 97.416664 97.573372 97.474976 97.440750 97.433983 97.424774 97.414497 97.425766 97.343842 97.351837 97.550003 97.485329 97.441422 97.443024 97.422829 97.450829 97.410004 97.526001 97.508141 97.459999 97.371819 97.325630 97.364777 97.418709 97.510437 97.599998 97.553886 97.519646 97.507408 97.467979 97.474693 97.514023 97.518311 97.541565 97.520645 97.482796 97.434998 97.553673 97.609215 97.845001 97.589996 97.558823 97.860001 97.615044 97.536049 97.525688 97.488197 97.566711 97.860001 97.631920 97.606033 97.680000 97.598549 97.534828 97.492714 97.639999 97.849998 97.593094 97.487755
97.513870 97.470001 97.639999 97.190002 97.474678 97.433479 97.362778 97.328629 97.306816 97.426247 97.454903 97.489998 97.507729 97.485596 97.412903 97.414917 97.424240 97.680000 97.552505 97.540001 97.395004 97.442505 97.370148 97.351967 97.394119 97.650002 97.555000 97.531281 97.521004 97.508568 97.481850 97.509445 97.524719 97.553017 97.555176 97.613121 97.696663 97.470001 97.495361 97.620003 97.595001 97.456001 97.513977 97.419998 97.523338 97.511841 97.493843 97.483437 97.547707 97.607101 97.589790 97.595314 97.709999 97.551384 97.492073 97.455009 97.223328 97.375000 97.479973 97.454880
97.334999 97.555000 97.581665 97.699997 97.635002 97.406296 97.190002 97.224998 97.282326 97.399666 97.769997 97.516068 97.449699 97.429962 97.402962 97.303856 97.304581 97.369881 97.457222 97.550003 97.475800 97.446815 97.358658 97.180000 97.354774 97.440582 97.495651 97.488045 97.494446 97.502968 97.489449 97.518326 97.523094 97.519302 97.675003 97.596947 97.559998 97.531326 97.487862 97.400002 97.230003 97.300003 97.550003 97.499825 97.474838 97.461548 97.480736 97.492569 97.482491 97.500000 97.511841 97.528694 97.547417 97.528564 97.504143 97.430061 97.378471 97.365005 97.381233 97.387260
97.397697 97.445000 97.566673 97.520348 97.477913 97.378952 97.228584 96.970001 97.181313 97.309769 97.407600 97.416901 97.377907 97.357010 97.346352 97.281700 96.870003 97.263283 97.353371 97.349998 97.709999 97.426880 97.349518 97.375099 97.354218 97.394722 97.400002 97.457878 97.469238 97.495018 97.505028 97.503052 97.486610 97.522217 97.551102 97.548691 97.525665 97.502693 97.483017 97.438301 97.592499 97.279999 97.620003 97.491524 97.472519 97.461075 97.473213 97.456375 97.464409 97.492859 97.487022 97.469131 97.509407 97.500740 97.469505 97.475639 97.415756 97.401154 97.422646 97.418198
97.322487 97.352005 97.452347 97.453308 97.410988 97.329544 97.300545 97.246544 97.245781 97.187607 97.370003 97.319313 97.350006 97.459999 97.394997 97.293274 97.235512 97.277275 97.323441 97.250000 97.412224 97.205002 97.440277 97.398506 97.387009 97.424629 97.399384 97.421005 97.469826 97.525986 97.530807 97.508606 97.504372 97.489372 97.492592 97.468559 97.473976 97.443832 97.416557 97.453934 97.430656 97.419998 97.434868 97.451660 97.448349 97.465111 97.445488 97.422562 97.457985 97.496307 97.483849 97.446419 97.475784 97.453362 97.510002 97.460609 97.422432 97.399216 97.391830 97.366302
97.387497 97.625000 97.290001 97.419998 97.375999 97.244003 97.330162 97.580002 96.889999 97.178253 97.089996 97.260468 97.325447 97.375206 97.346916 97.385925 97.320648 97.353149 97.354736 97.357544 97.404808 97.629997 97.690002 97.260002 97.419998 97.461441 97.451874 97.392151 97.403740 97.690002 97.535889 97.525726 97.515823 97.453926 97.424057 97.419952 97.415146 97.398003 97.421112 97.385818 97.442924 97.406151 97.425293 97.420387 97.450172 97.423477 97.416679 97.405701 97.428978 97.550003 97.460831 97.439659 97.411201 97.429268 97.436119 97.436127 97.405045 97.419998 97.353401 97.300003
97.606667 97.465477 97.500000 97.133331 97.302002 97.491669 97.308884 96.989998 97.430000 97.136307 97.172745 97.234749 97.289330 97.310020 97.365074 97.380379 97.322090 97.337563 97.353661 97.336311 97.415749 97.345001 97.440018 97.500000 97.385323 97.424370 97.437813 97.376610 97.019997 97.500000 97.511703 97.505363 97.485916 97.431885 97.269997 97.400002 97.354393 97.381821 97.375572 97.389740 97.384628 97.402115 97.392685 97.433075 97.436432 97.398270 97.320000 97.358055 97.388809 97.411339 97.405205 97.386330 97.419083 97.372482 97.407249 97.413109 97.390465 97.364761 97.384781 97.250000
97.294998 97.446678 97.407745 97.379097 97.550003 97.415001 97.309578 97.229996 96.860001 97.179535 97.168442 97.245842 97.280029 97.347137 97.367821 97.374069 97.330002 97.309998 97.350479 97.377464 97.387978 97.378647 97.353333 97.309998 97.456108 97.473045 97.494682 97.484055 97.464302 97.570000 97.434998 97.556488 97.510971 97.415672 97.355370 97.180000 97.341675 97.379997 97.376373 97.377029 97.404999 97.279999 97.463318 97.494606 97.476250 97.377884 97.330002 97.351219 97.351723 97.387711 97.357620 97.357407 97.386139 97.413696 97.401970 97.432487 97.379456 97.363754 97.376801 97.653328
97.370003 97.389999 97.383904 97.384529 97.426170 97.385574 97.356323 97.299187 97.510002 97.010002 97.220314 97.255501 97.321938 97.400002 97.377556 97.374771 97.348846 97.347458 97.379234 97.378342 97.408241 97.403656 97.405998 97.586670 97.459999 97.506134 97.480179 97.580109 97.779999 97.404999 97.849998 97.596260 97.514397 97.430222 97.396667 97.337158 97.341347 97.358231 97.369362 97.372055 97.375656 97.391426 97.485001 97.759995 97.471077 97.300003 97.345680 97.340103 97.330383 97.343681 97.338562 97.314232 97.335014 97.394722 97.500000 97.364838 97.273094 97.252663 97.349998 97.273338
97.313110 97.309631 97.315002 97.413330 97.372223 97.343765 97.296608 97.410004 97.342766 97.440002 97.239998 97.292259 97.323204 97.352913 97.367065 97.372299 97.350136 97.382668 97.396378 97.395538 97.442688 97.445290 97.468399 97.510002 97.485001 97.467567 97.511612 97.558952 97.606255 97.589996 97.455002 97.695000 97.422134 97.319725 97.349487 97.327202 97.346046 97.353821 97.334999 97.362457 97.388123 97.396912 97.463264 97.501350 97.473267 97.380241 97.340393 97.303177 97.294449 97.294601 97.276810 97.273941 97.298706 97.351723 97.494995 97.430000 96.919998 97.225616 97.299225 97.430000
97.274124 97.248604 97.263062 97.419998 97.290001 97.250717 97.298706 97.285774 97.339592 97.321487 97.319603 97.312836 97.314735 97.334877 97.349236 97.360771 97.359558 97.360527 97.416245 97.453590 97.474174 97.481941 97.470192 97.479614 97.476875 97.519943 97.537979 97.543358 97.599579 97.750000 97.503334 97.608002 96.949997 97.239014 97.306305 97.305733 97.327843 97.354576 97.368385 97.382324 97.410057 97.419464 97.405746 97.435280 97.416183 97.367134 97.297394 97.261414 97.209999 97.215355 97.192513 97.215492 97.266792 97.292465 97.331970 97.311699 97.256813 97.236877 97.286568 97.316025
97.159477 97.184601 97.040001 97.184998 97.089996 97.244102 97.236969 97.291313 97.230003 97.300003 97.279999 97.305084 97.306786 97.316055 97.321182 97.347687 97.331802 97.353378 97.408043 97.570000 97.503204 97.451241 97.453789 97.442970 97.470390 97.510468 97.519150 97.526268 97.573891 97.552544 97.490005 97.485001 97.347504 97.271072 97.287682 97.296654 97.329086 97.372444 97.406258 97.441284 97.446060 97.427765 97.412361 97.421394 97.378593 97.348770 97.310127 97.190453 97.130142 97.091896 97.170212 97.193588 97.241478 97.257874 97.262924 97.299614 97.389999 97.283241 97.248573 97.252914
97.113869 97.150307 97.174942 97.063332 97.290001 97.229050 97.265656 97.257721 97.269577 97.153343 97.276810 97.276993 97.285881 97.281021 97.278900 97.276527 97.278130 97.306198 97.380119 97.435852 97.455292 97.452057 97.405777 97.458061 97.492325 97.492844 97.539993 97.538353 97.517174 97.532402 97.397499 97.459999 97.353333 97.290001 97.320000 97.235001 97.386795 97.431244 97.400002 97.500000 97.488052 97.439575 97.419998 97.341377 97.333702 97.296715 97.258606 97.172234 96.820000 97.086624 97.117920 97.163353 97.175354 97.219940 97.284081 97.273514 97.230507 97.190247 97.137589 97.162491
97.040001 97.349998 97.242905 97.240501 97.265335 97.330399 97.269112 97.247513 97.300003 97.433327 97.279015 97.283188 97.244446 97.237755 97.214432 97.216652 97.229698 97.299316 97.327438 97.390427 97.415192 97.402306 97.439209 97.415627 97.544998 97.437378 97.480148 97.494072 97.546898 97.535126 97.573334 97.328003 97.555000 97.318001 97.341911 97.419998 97.489998 97.500000 97.488083 97.490692 97.502083 97.595001 97.190002 97.361801 97.357498 97.344849 97.324669 97.231262 97.155228 97.168373 97.158867 96.970001 97.220032 97.289642 97.293388 97.198929 97.138672 96.970001 97.073929 97.099998
