ducke_surface.asc
ncols 484
nrows 677
xllcorner 174708.0000
yllcorner 9674355.0000
cellsize 1.0000
nodata_value -9999
[rows 520 to 545 of 677, columns 180 to 239 of 484]
95.709999 95.650002 95.486664 95.460152 95.433746 95.327065 95.185539 94.986794 94.820343 94.600830 94.612289 94.519234 94.426704 94.313194 94.200760 94.093025 93.961700 93.859207 93.718658 93.529236 93.336929 93.154182 92.965630 92.763893 92.550026 92.335907 92.102516 91.832397 91.650002 91.250000 91.176826 91.129997 90.829559 90.636978 90.251450 89.815002 89.655449 89.477509 89.166130 88.866898 88.572884 88.307671 87.976273 87.599998 87.420341 87.069237 86.619995 86.273514 85.772865 85.316833 84.907516 84.635902 84.309998 83.239998 83.140877 82.389999 81.870003 81.932159 81.619995 81.614998
95.750000 95.688080 95.574959 95.481354 95.416908 95.292397 95.181137 95.026878 94.639999 94.693840 94.677711 94.612183 94.466316 94.380112 94.261986 94.145889 94.039619 93.871979 93.720367 93.489998 93.355736 93.170845 92.983978 92.771675 92.557228 92.337379 92.106560 91.828148 91.320000 91.339996 91.181686 90.995827 90.863297 91.070000 90.365517 90.006630 89.792137 89.538239 89.197502 88.733330 88.589294 88.297897 88.045288 87.778114 87.589996 87.106308 86.665466 86.288795 86.190002 85.092499 85.160004 84.711235 84.440002 83.559998 83.210670 82.617500 82.509995 81.992607 81.400002 81.769997
95.993324 95.780914 95.639267 95.532112 95.445290 95.338531 95.231689 95.108803 94.935997 94.819847 94.807365 94.679192 94.565292 94.420624 94.354996 94.210815 94.045509 93.931999 93.772476 93.585434 93.432739 93.244102 93.034683 92.816246 92.602180 92.397644 92.167259 91.895149 91.600243 91.360748 91.062141 90.859489 90.728668 90.616989 90.410446 90.095421 89.866051 89.720001 89.232353 88.906670 88.632263 88.309998 88.073433 87.963341 87.500000 87.061119 86.623337 86.261772 85.888313 85.620003 85.136124 84.784279 84.317337 83.836502 83.580002 82.979996 82.379997 82.119301 81.875000 81.437172
95.942146 95.821426 95.675346 95.529999 95.454948 95.363876 95.241570 95.177261 95.094086 94.996910 94.915726 94.767616 94.570900 94.479607 94.349907 94.235245 94.116188 93.966682 93.881966 93.713539 93.529922 93.298714 93.068413 92.836197 92.617889 92.401230 92.175919 92.013336 91.678833 91.389488 91.109238 90.540001 90.606606 90.570511 90.350632 90.185097 89.923080 89.540001 89.199997 88.968300 88.760002 88.419998 88.061592 87.757805 87.408424 86.969521 86.605179 86.173714 85.699997 85.612747 85.309563 84.773491 84.339195 83.920021 83.525185 83.049820 82.560043 82.200035 81.808723 81.443413
95.980667 95.856339 95.706955 95.573074 95.495392 95.398544 95.335648 95.276062 95.173660 95.339996 94.978111 94.763863 94.639679 94.519646 94.429474 94.299141 94.173706 94.075027 93.946892 93.940002 93.581665 93.303825 93.078163 92.833710 92.593643 92.374001 92.207642 92.018745 91.748894 91.529358 91.217705 90.925819 90.746902 90.658333 90.471275 90.272758 90.253334 89.349998 89.620003 88.799995 88.663925 88.415665 87.980003 87.699135 87.308205 87.005989 86.510002 86.298271 85.956207 85.889999 85.489998 84.759026 84.269997 84.120003 83.539856 83.072029 82.635979 82.210007 81.831383 81.410004
95.981407 95.856964 95.728279 95.529999 95.495911 95.434952 95.354431 95.270386 95.190460 95.106316 94.964577 94.639999 94.655296 94.609612 94.477287 94.383759 94.200432 94.080070 94.080002 93.680000 93.537392 93.320168 93.040924 92.783211 92.555389 92.395569 92.208176 92.010681 91.802444 91.534294 91.372139 91.062691 90.879890 90.754868 90.543526 90.345322 90.038925 89.731659 89.336967 88.998695 88.659836 88.424217 88.300003 87.480003 87.327599 87.013023 86.738327 86.496666 86.031860 85.475006 84.991997 84.747200 84.355576 83.959618 83.558128 83.115883 82.658112 82.242996 81.841637 81.529999
96.025017 95.919785 95.792770 95.672897 95.597862 95.518616 95.420219 95.346680 95.178993 95.119148 94.971779 94.827782 94.779999 94.642365 94.662498 94.352501 94.207161 94.054970 93.929512 93.750809 93.531013 93.289558 93.062447 92.660004 92.609688 92.455406 92.241898 92.058846 91.826637 91.686996 91.497543 91.263077 91.027031 90.845367 90.760002 90.318375 90.122963 89.742508 89.438484 88.720001 88.678375 88.444527 88.128120 87.713242 87.139999 87.214996 86.874504 86.596672 86.089340 85.625046 85.152603 84.749168 84.349007 83.968475 83.573990 83.130371 82.664368 82.224754 81.831993 81.415817
96.088692 95.977867 95.907654 95.797707 95.722198 95.595985 95.484146 95.341263 95.200409 95.115005 95.012642 94.854355 94.741425 94.661034 94.546196 94.374710 94.186134 94.073845 93.963692 93.790260 93.562004 93.339775 93.082832 92.891853 92.704178 92.522385 92.279999 92.092484 91.907684 91.752350 91.733337 91.336418 91.093292 90.882271 90.638504 90.432526 90.154999 90.089996 89.552101 89.138527 88.849762 88.532669 88.246521 87.829300 87.451729 87.176666 87.273338 86.416664 86.329994 85.659309 85.223236 84.792877 84.375648 84.007042 83.583046 83.151016 82.677734 82.136665 81.767662 81.408073
96.110832 96.115112 96.076546 95.956131 95.792267 95.670395 95.482437 95.341393 95.218895 95.127319 95.009407 94.904167 94.806679 94.684975 94.570290 94.428139 94.194878 93.984276 94.269997 93.708763 93.521591 93.332527 93.181519 92.960686 92.899994 92.614662 92.366013 92.166206 91.934685 91.802574 91.688004 91.368279 91.114403 90.877617 90.685112 90.446060 90.330002 89.933167 89.711426 89.344955 89.020134 88.686989 88.315720 87.964287 87.620743 87.322838 87.130005 86.529045 85.879997 85.687119 85.278748 84.868515 84.457275 84.048065 83.669998 83.190269 82.760002 82.241020 81.808151 81.401443
96.166695 96.229996 96.379997 96.015877 95.845253 95.629532 95.456154 95.338425 95.242622 95.152328 95.049408 94.901695 94.849274 94.746147 94.540001 94.357140 94.136650 93.744995 93.500000 93.608269 93.443352 93.329109 93.201157 93.037193 92.852150 92.686066 92.438927 92.203964 92.009941 91.788475 91.605858 91.313110 91.063583 90.887657 90.716858 90.466545 90.205070 89.987099 89.729156 89.639999 89.141296 88.726196 88.411118 88.047913 87.718094 87.492500 86.915779 86.404488 86.000000 85.772499 85.400002 84.929909 84.483162 84.064713 83.630295 83.221794 82.759064 82.290459 81.720001 81.532463
96.226021 96.195381 96.129852 95.986282 95.802643 95.624069 95.339996 95.421257 95.325600 95.190239 95.097328 94.973045 94.862946 95.019997 94.559998 94.400124 94.176636 93.922951 93.731834 93.586075 93.508965 93.354668 93.258354 93.097336 92.970001 92.758911 92.507057 92.277458 92.029053 91.792831 91.583092 91.296539 90.940002 91.019997 90.721436 90.437927 90.210175 89.973602 89.746071 89.474632 89.133667 88.791367 88.436172 88.145004 87.769997 87.334946 86.846107 86.010002 86.160004 86.003334 85.465836 85.000397 84.512505 84.051559 83.633774 83.219368 82.860405 82.285004 82.006210 81.575600
96.313889 96.169868 96.100304 95.928909 95.806862 95.658844 95.539238 95.629997 95.351807 95.201630 95.065025 94.945000 94.906479 94.766457 94.627541 94.413719 94.215050 94.005066 93.790413 93.708946 93.577408 93.477509 93.265015 93.115196 93.180000 92.853180 92.568565 92.336319 92.062386 91.838623 91.621429 91.337067 91.123985 90.926155 90.721443 90.481880 90.287880 90.045082 89.756332 89.487099 89.157623 88.806366 88.479843 88.125870 87.758354 87.364677 86.919998 86.349998 86.323334 85.940002 85.456535 85.016350 84.540573 83.970001 83.672279 83.308105 82.922867 82.790001 82.120041 81.697495
96.282387 96.137283 96.030769 95.875084 95.744453 95.666817 95.559631 95.467987 95.354355 95.201653 95.089157 95.007614 94.876289 94.803925 94.557961 94.424988 94.235207 93.995483 93.823135 93.702309 93.679672 93.557076 93.351509 92.779999 93.180000 92.883591 92.619186 92.359291 92.151108 91.904373 91.690598 91.460144 91.180336 90.970764 90.779037 90.639999 90.351646 90.136894 89.867706 89.595337 89.233276 88.875015 88.515305 88.169792 87.772369 87.390106 86.963371 86.680000 86.197502 85.803337 85.544998 85.006454 84.560295 84.120094 83.710190 83.304382 82.979088 82.613022 82.207970 81.792480
96.180000 96.095993 95.993111 95.860527 95.773468 95.691475 95.583199 95.506798 95.299995 95.251892 95.207146 95.070587 94.949287 94.835335 94.712944 94.443436 94.187286 94.007568 93.931053 93.823402 93.757156 93.959999 93.443184 93.169937 92.979813 92.830406 92.617760 92.400604 92.155373 92.059998 91.748550 91.479828 91.196533 90.958344 90.814255 90.632751 90.435333 90.218040 90.129997 89.671577 89.304474 88.942986 88.565132 88.168434 87.805794 87.418037 86.949997 86.613930 86.139992 85.887497 85.437035 84.984070 84.538338 84.169968 83.766991 83.394257 82.984619 82.655685 82.207191 81.832619
96.176392 96.029984 95.961014 95.868370 95.812386 95.723038 95.639641 95.633331 95.360001 95.362122 95.285080 95.172066 95.020485 94.888229 94.752518 94.745003 93.550003 94.230003 93.950226 93.796394 93.748306 93.622520 93.501083 93.196831 93.032898 92.814323 92.600410 92.383553 92.183784 91.981689 91.798813 91.449959 91.150017 90.978432 90.778709 90.630920 90.474342 90.332085 90.030159 89.719467 89.369743 89.019447 88.620613 88.211929 87.790001 87.610001 87.087532 86.660103 86.224571 85.817101 85.447708 84.910004 84.638580 84.161888 83.783806 83.439194 83.127541 82.722023 82.281517 81.867035
96.042824 95.936287 95.896439 95.895599 95.828316 95.763748 95.677551 95.596275 95.660004 95.467583 95.394951 95.272804 95.077858 94.912888 94.757019 94.511017 94.269058 94.090508 93.998489 93.913406 93.707901 93.645279 93.459587 93.237213 93.069305 92.883095 92.648415 92.389999 92.229424 92.049362 91.788094 91.546349 91.040001 91.080826 90.894585 90.656723 90.720001 90.489998 90.072487 89.690002 89.519997 89.063461 88.666924 88.271843 87.792000 87.529999 87.205002 86.665001 86.218643 85.809242 85.510002 85.220001 84.779778 84.263275 83.464996 83.750000 83.269997 82.793167 82.336487 81.958008
95.930000 95.720001 95.943420 95.908394 95.902611 95.760002 95.663727 95.583694 95.517242 95.488152 95.709999 95.308395 95.120605 94.959602 94.694687 94.615677 94.470001 94.257332 94.086403 93.892006 93.805908 93.655235 93.490120 93.279572 93.125275 92.941299 92.731483 92.508263 92.302711 92.220001 91.913010 91.620003 91.639999 91.158913 90.879120 90.695709 90.230003 90.210304 90.030319 90.029999 89.508331 89.079079 88.714622 88.341042 88.019997 87.574997 87.070000 86.880005 85.879997 85.858231 85.502502 85.309998 85.160004 84.342247 83.750000 83.485001 83.206665 82.747238 82.381035 82.042625
96.089684 96.150002 96.046150 96.035118 95.977432 96.000000 95.470001 95.450294 95.398148 95.410294 95.386177 95.281288 95.106827 94.908112 94.784920 94.633972 94.481026 94.343925 94.113876 93.969025 93.795540 93.706535 93.514618 93.340065 93.186775 92.992477 92.784126 92.556351 92.345428 92.124420 91.882538 91.698311 91.465263 91.238342 91.001213 90.663330 90.413597 90.119995 89.673340 90.024994 89.294998 89.111076 88.725182 88.395081 88.016083 87.440002 87.249229 86.817520 86.345459 85.943878 85.695999 85.347504 84.680000 84.415756 84.126671 83.504379 82.695007 82.760849 82.537483 82.197678
96.257401 96.208427 96.209045 96.105042 96.048767 95.878845 95.698090 95.349998 95.488029 95.381027 95.357407 95.246819 95.079575 94.971657 94.836655 94.704758 94.549011 94.366516 94.212631 94.024277 93.873695 93.704811 93.620804 93.462135 93.304634 93.067352 92.822922 92.606056 92.363922 92.157860 91.960220 91.681496 91.504211 91.269592 91.006752 90.755508 90.320000 90.567497 89.997498 89.637505 89.900002 89.093330 88.822273 88.487610 88.103645 87.809998 87.519997 86.915115 86.416008 86.042595 85.639999 85.433327 85.000000 84.467499 83.820000 83.579254 83.148941 82.825783 82.860001 82.285660
96.570000 96.347366 96.290833 96.360001 96.055443 95.960571 95.785110 95.707718 95.606956 95.505943 95.440163 95.247169 95.149559 95.042015 94.902138 94.796494 94.618828 94.460411 94.283211 94.137718 93.958092 93.800194 93.625420 93.830002 93.346085 93.084099 92.863197 92.624046 92.421310 92.256287 92.024185 91.779037 91.588219 91.358650 91.124298 90.872887 90.670860 90.716667 90.054283 90.290001 89.427002 89.094002 89.050003 88.523239 88.160004 87.908005 87.194000 86.912033 86.473595 86.090576 85.672501 85.459999 84.860001 84.610001 84.055389 83.698029 83.190002 82.917175 82.576469 82.220284
96.433937 96.371193 96.318672 96.217323 96.091858 95.839996 96.072502 95.842278 95.734489 95.649323 95.473640 95.303810 95.155350 95.086540 94.969032 94.796539 94.668457 94.501785 94.317764 94.156700 94.010490 93.763527 93.519997 93.416695 93.257759 93.032211 92.849571 92.662964 92.479279 92.289337 92.088448 91.870567 91.633583 91.408089 91.199997 90.967255 90.714417 90.507469 90.289993 89.887146 89.646667 89.330002 88.902428 88.550262 88.173836 87.779259 87.329994 86.948769 86.518044 86.149185 85.811447 85.599998 85.169998 84.639999 84.349998 83.789047 83.348640 82.845688 82.610306 82.291985
96.453133 96.389977 96.419998 96.177498 96.110863 96.076721 96.250000 95.931419 95.820000 95.739998 95.589493 95.230003 95.288544 95.156029 94.979050 94.864174 94.694389 94.572739 94.411606 94.252037 94.078880 93.851875 93.360001 93.429993 93.040001 93.052864 92.882507 92.735298 92.545876 92.345657 92.167183 91.933250 91.728058 91.502121 91.270432 91.038063 90.716850 90.513252 90.239067 89.823334 89.605125 89.254967 88.924965 88.541473 88.157173 87.830002 87.389328 86.975723 86.550766 86.176003 85.827057 85.514999 85.103943 84.698502 84.278351 84.040001 82.910004 82.815292 82.527351 82.389999
96.443008 96.370659 96.295799 96.120003 96.131302 96.080437 96.051155 95.948891 95.845268 95.727989 95.682877 95.623856 95.589996 95.129997 94.996986 94.903992 94.795952 94.665291 94.585144 94.442245 94.255081 94.012390 93.750313 93.554260 93.449997 93.167511 93.010078 92.807198 92.680000 92.451103 92.214371 92.038788 91.861084 91.657722 91.395615 91.114182 90.825356 90.559380 90.267570 90.089996 89.600624 89.261505 88.907639 88.503281 88.150925 87.777740 87.377113 86.984085 86.568863 86.200554 85.798706 85.434189 85.056107 84.611778 84.246063 83.754883 83.237572 82.604996 82.588432 82.299873
96.453865 96.369926 96.309273 96.221802 96.162537 96.052826 96.043434 95.940437 95.848671 95.757202 95.711006 95.959999 95.839996 95.127502 95.072502 94.889740 94.866585 94.857300 94.754265 94.615860 94.410141 94.220070 93.869164 93.713013 93.496086 93.306320 93.064476 92.894783 92.697289 92.485107 92.318893 92.125397 92.040001 91.792755 91.498924 91.213120 90.890541 90.597839 90.298203 89.915001 89.633423 89.306664 88.912140 88.529854 88.145676 87.780159 87.398781 87.017471 86.617378 86.226898 85.833588 85.442207 85.050507 84.654282 84.173584 83.805618 83.246750 82.855087 82.533028 82.276794
96.453995 96.375000 96.331032 96.247299 96.131821 96.060905 96.020943 95.893425 95.818237 95.726089 95.714935 95.653603 95.492805 94.923340 94.975006 95.000954 94.942322 95.129997 95.040001 94.711845 94.610001 94.283440 93.982483 93.761894 93.564026 93.361618 93.150925 92.923523 92.739311 92.538078 92.347679 92.226357 92.064529 91.949997 91.603394 91.327324 90.990730 90.673180 90.314682 89.962059 89.622826 89.275986 88.939713 88.555389 88.174660 87.803864 87.433586 87.065475 86.647148 86.260536 85.865845 85.476265 85.070786 84.629662 84.217270 83.699997 83.362556 82.944496 82.620148 82.218231
96.499847 96.429520 96.390305 96.269913 96.208900 96.109154 96.047882 95.946220 95.863899 95.844147 95.748360 95.646179 95.446388 95.389999 95.012711 94.943542 95.065918 95.074966 94.971039 94.767586 94.515373 94.295967 94.017662 93.804230 93.571518 93.398895 93.204254 92.966682 92.757179 92.600067 92.431450 92.249290 92.220001 91.904297 91.650139 91.559998 91.082527 90.716766 90.372070 90.007629 89.652718 89.314095 88.966034 88.599655 88.230782 87.856720 87.476753 87.098595 86.695496 86.300217 85.902321 85.525116 85.113876 84.672295 84.227554 83.813614 83.433716 83.070770 82.666405 82.332008
