ducke_chm.asc
ncols 484
nrows 677
xllcorner 174708.0000
yllcorner 9674355.0000
cellsize 1.0000
nodata_value -9999
[rows 130 to 155 of 677, columns 360 to 419 of 484]
30.074257 31.485977 31.394264 33.104553 31.998795 31.270615 31.961784 32.961563 31.882782 30.551231 29.848724 29.681412 28.483032 28.426643 28.772362 28.578880 29.650185 30.595818 30.105721 29.598915 28.659470 28.800255 29.202271 28.702835 39.438568 38.425957 38.342026 37.910927 37.878014 40.689285 40.487679 40.446640 40.444290 38.168221 39.943855 31.867722 31.123993 31.342026 27.391838 28.288330 21.414909 20.642975 20.558617 20.630257 20.343597 20.987373 23.221664 23.723083 23.159958 22.959679 22.624619 24.371590 24.960693 25.121681 24.603271 24.252922 24.493324 23.833572 24.302193 23.496834
29.847290 30.924965 32.104225 32.847847 32.515572 32.234573 33.480919 32.608376 31.449806 30.233208 30.144020 28.977745 29.700935 30.319397 29.213058 28.619095 28.162857 28.199631 29.582481 28.605293 28.322968 28.887138 38.342400 39.302711 39.805099 39.678078 38.800293 37.795738 40.408096 40.992058 40.631638 40.169144 40.792610 40.402214 40.290756 39.139732 32.313225 32.069122 30.066154 26.681244 21.593018 19.520546 19.987671 26.489304 26.713974 27.849068 25.911552 23.432350 23.444305 23.992447 24.183540 24.512962 25.064293 25.680412 24.947487 24.535042 24.373077 23.548134 23.158218 23.607674
29.404152 30.938652 32.750069 32.807030 33.347244 33.199539 33.585022 33.582253 31.572067 30.544945 29.553123 29.267639 30.105698 30.475601 29.934799 29.280220 29.277863 27.651611 25.785652 28.520142 28.186607 28.569099 38.838242 39.528923 40.072090 40.227989 39.930130 37.787315 40.525627 40.608856 40.639450 40.835266 40.304626 38.939308 39.729004 38.709358 38.738312 33.690544 32.631401 30.402184 27.342148 19.791710 20.043686 28.704948 28.985970 28.918114 28.671501 27.714455 24.809113 24.709900 25.010406 25.492935 25.619553 26.092758 25.514275 24.754166 24.788223 24.024780 22.975533 23.427673
29.010231 29.194305 32.862007 33.516472 33.439331 32.859528 34.072693 33.471039 31.343567 27.465401 28.848038 30.090652 30.118675 30.071671 30.311218 29.628616 29.838478 27.578911 25.103661 24.824944 27.822990 27.866692 36.176613 38.560486 39.922035 40.044617 39.956093 38.798843 40.594467 40.630806 40.537926 40.267349 40.780655 36.900551 38.233841 38.573814 38.446281 35.340332 34.499077 30.723663 27.395943 20.026123 20.015923 29.015625 29.332397 29.508904 29.237144 28.723694 25.169136 25.159019 25.533089 25.887299 25.668030 25.858002 25.936333 25.047287 24.844772 24.206139 23.498894 23.601700
29.130219 28.885139 32.078728 32.496620 33.084328 31.978416 33.661919 33.405724 30.749718 26.893394 28.552124 30.473831 29.275734 29.225113 29.983261 29.458488 29.769669 28.022614 28.666420 28.345085 25.033401 25.559525 38.299469 38.738472 39.784950 39.773537 38.879967 40.114769 40.437592 39.659073 40.276100 40.927917 40.462234 40.567047 40.388206 39.773766 37.307419 35.916237 34.406898 30.575233 26.565140 24.540062 24.838394 28.609573 29.365860 29.524254 29.524078 28.798363 26.613152 25.009995 25.830582 25.841240 25.789230 25.840363 25.820229 25.285049 25.159676 23.831360 23.746155 24.030876
28.878685 28.369255 30.304031 32.329948 32.142067 31.836319 32.366089 32.173477 29.870766 28.672142 28.476059 27.266495 28.692474 28.894569 28.924454 29.953415 29.338211 28.643143 28.780144 28.827202 24.336502 25.802818 37.913139 39.077240 39.719925 39.542732 40.065285 40.097198 40.932709 41.142212 40.559532 40.899643 40.438789 40.649841 40.512825 38.841125 37.798843 35.867516 34.461327 28.737984 21.920097 24.767403 25.569061 28.265717 28.865509 29.423393 29.259453 28.204681 25.002075 25.019913 25.477562 25.942802 25.932449 26.357277 25.756104 25.757515 25.215591 23.196053 23.828629 19.487808
26.599716 17.498787 17.894806 22.376007 31.757133 31.531464 30.974838 28.972321 29.140106 28.481056 28.173470 27.857483 28.991783 28.810234 28.192566 28.734100 28.722137 28.646591 28.380363 23.366585 23.449158 35.495697 36.148018 38.553856 39.166656 38.867149 39.329491 40.593361 40.847878 41.104218 41.212128 41.000046 39.696732 40.325211 40.171928 37.942459 37.501709 35.465698 34.436081 29.762405 21.472427 25.159309 25.430389 27.421722 27.829773 28.562401 28.248924 28.232658 25.022850 25.181366 25.662590 25.810524 26.044571 25.952385 25.942154 25.589333 24.853111 24.000664 23.619987 21.660522
27.776161 14.162483 23.078003 23.161079 30.133148 29.754311 30.141853 27.061737 29.203300 29.163025 28.241768 28.087364 27.986053 27.815468 27.401657 27.348846 28.802261 28.005234 27.787376 22.844154 23.563591 35.781624 36.129837 36.835106 36.908669 37.188622 36.790894 40.206566 40.118477 41.122368 40.851578 40.823532 40.038071 40.149940 39.696053 38.850685 36.203308 35.701385 34.770851 29.959328 28.037788 23.298622 23.730560 23.642555 24.209076 26.359650 27.271629 27.622742 24.152481 24.639618 25.299744 25.428719 25.489197 25.684509 25.642670 25.233330 24.819260 23.854568 23.553741 20.940765
27.180389 20.437508 23.171021 25.151459 25.355095 27.365570 26.700981 24.836105 27.590469 29.202660 29.415718 28.750694 28.225151 28.150894 27.616951 27.509148 31.249130 31.205505 18.126991 18.422897 23.506165 34.483513 35.467896 36.693954 35.192993 37.464859 38.242287 39.894203 39.969719 40.476601 40.480125 40.021896 39.796120 40.125481 38.402130 35.796112 35.809441 35.839890 35.538414 29.338760 28.329643 20.145889 19.931656 21.024178 23.919136 24.829597 24.498306 23.894485 23.932159 24.454956 24.752029 24.767639 24.741241 25.266495 25.210625 24.578972 24.699272 23.609413 22.648499 22.559090
25.833168 13.658981 23.788818 24.814743 25.030174 25.874840 26.192627 24.875237 23.360260 29.170029 29.511314 28.633453 28.647537 30.839233 30.866684 30.350876 32.099594 32.474014 31.893013 29.866615 23.931458 33.719994 34.346275 35.522690 35.365883 36.964104 38.360550 39.194534 39.548035 39.670319 40.295883 40.287140 39.525330 36.227753 36.217903 36.869621 35.637466 35.725601 35.068359 29.008934 28.651382 19.408012 21.183907 21.058556 22.904671 24.437447 23.707451 23.696159 26.153275 26.455536 26.957787 26.816513 24.726112 24.697937 24.541786 24.197693 23.343925 22.963570 21.889832 23.168839
25.985100 13.429161 22.442459 23.861755 24.637863 24.411804 25.390823 24.065086 29.436783 28.944008 28.921288 28.492310 30.965736 31.482323 31.597054 32.474983 32.317932 32.469673 31.908630 31.372826 31.147385 27.743919 23.900970 24.621819 25.182419 37.043694 38.972633 39.192726 39.256332 37.285698 39.537910 38.959938 39.135872 33.435318 32.097221 34.517960 34.681641 34.755569 34.360916 16.023224 16.143616 17.794464 21.147842 21.074059 22.201988 22.999573 26.272530 26.236526 26.748489 26.960732 26.935562 26.797501 25.652786 26.256912 26.468628 23.912148 23.307404 21.923576 22.314514 23.176071
25.058189 13.332420 19.981621 22.968636 21.338982 21.291954 23.502640 28.749496 29.689659 29.737846 29.422554 28.676979 30.313019 31.272781 32.199738 32.816605 32.822670 32.552933 31.786819 31.858177 31.463722 30.366783 27.755669 23.589928 24.838135 36.807823 39.067863 39.256836 39.151756 38.727600 21.871437 37.602425 37.494995 33.045692 33.055763 27.751274 26.832802 34.652596 26.804298 25.775482 14.185486 15.666183 17.948555 20.415497 21.390396 23.779930 26.079994 26.018364 26.933746 26.865501 26.329811 26.885941 27.304970 27.349533 27.314247 27.345924 27.131699 21.620193 17.799522 24.070541
11.643044 13.101563 14.333977 14.860550 14.242546 20.808029 22.055237 29.835533 29.871376 29.201172 29.233162 29.715927 30.427612 30.895836 32.463875 33.116554 33.120972 33.162209 32.559929 31.671844 31.522858 30.651871 27.773262 23.235855 22.059425 36.923645 38.534615 38.325378 38.736794 38.655487 21.910034 24.109558 24.021507 31.744415 32.475655 27.026215 26.570320 26.714745 26.729790 13.634315 13.794350 10.879089 15.757698 16.068657 21.634178 24.192101 26.136795 26.515297 26.760002 25.828728 26.183212 27.854279 27.381447 28.088371 27.985458 28.773964 28.717522 27.925720 18.574837 24.055054
11.978554 12.914696 13.330841 13.227852 16.256157 16.238632 19.613953 29.720276 29.576012 29.800697 30.060219 30.027901 30.755760 31.210365 32.371780 32.899536 33.257034 32.851395 32.372108 32.035133 31.918968 31.742584 19.453606 19.668022 19.084099 16.255295 36.330261 38.140106 37.398331 34.750603 18.229347 23.701286 23.201454 20.447838 25.765373 25.815521 25.957100 26.549454 25.327034 14.669449 15.058083 14.707657 13.108887 14.760773 15.491554 24.296371 26.305145 26.889885 26.604042 25.972633 26.552864 27.702019 27.585808 28.371437 28.250397 29.155151 29.871918 29.413895 28.132149 24.277512
12.323753 12.134056 13.276070 15.095055 16.184135 16.902771 28.753265 28.961411 30.038498 30.313225 29.584656 29.987465 31.370079 31.473793 31.353073 31.924858 31.730247 32.192207 32.299675 31.751450 31.673012 31.012367 18.585876 19.371689 19.093414 16.206116 15.246300 15.306526 16.549522 17.144875 20.939423 22.383797 22.540474 21.807014 20.976479 23.436638 23.376976 23.094635 22.028076 15.436691 15.614250 15.230270 15.546402 14.332169 13.579811 12.073540 24.713425 26.895714 27.779915 27.533562 25.802681 28.240105 28.577408 28.971123 29.714096 30.044151 29.907990 29.486794 28.841385 23.352776
18.908012 13.723587 13.010033 15.607025 16.468460 21.944977 28.817329 29.502869 30.030334 30.509857 29.282883 30.982315 31.588135 31.482559 31.030388 30.968338 31.312019 31.162506 31.641922 31.563591 30.651321 28.794464 15.101204 18.579803 16.144981 15.698624 9.526894 13.775459 16.506706 17.938156 21.216835 22.687561 22.842140 21.925560 21.156105 13.448181 22.232750 15.417091 15.713905 15.344917 15.587158 15.722534 15.237717 14.491096 14.114677 13.042206 24.810974 26.518143 27.503983 27.196632 28.248726 29.235786 29.981453 29.960434 29.670349 30.487305 29.994362 29.096382 28.372757 21.901634
20.432632 19.044586 15.001190 16.443947 17.786537 23.026299 27.943756 29.354195 30.304733 30.394058 28.473503 31.014061 31.035965 31.027901 30.800537 30.619179 30.702301 30.935410 28.468025 30.220657 30.354515 28.018829 16.565575 14.648483 14.870255 8.831619 9.609993 14.090332 16.152794 17.313759 18.508530 20.005936 22.858810 20.915497 14.390884 14.447792 13.608841 14.730438 15.885414 15.147141 15.843681 15.712608 15.270058 14.586029 13.506294 27.851601 27.081444 26.363144 26.947266 27.235825 28.210480 29.447678 29.990425 30.051643 29.846733 30.383644 30.339157 29.169258 28.235741 21.816032
20.546257 19.121552 18.348358 16.232849 19.507126 26.082512 25.341660 30.293892 30.920921 30.857254 30.312569 31.300934 30.942970 30.374901 29.796432 28.850044 27.388206 27.962959 27.545616 28.043900 28.024933 27.089134 16.609070 13.436104 6.818260 6.113159 9.517052 11.834747 13.566490 16.234154 16.617584 17.887657 17.166000 15.924797 16.513260 13.192886 13.245621 14.003075 14.239243 15.112892 15.709732 15.318642 14.585365 13.571594 28.297371 28.261116 28.703949 28.799156 27.434540 27.012024 28.202599 29.306679 29.974205 29.921738 29.821335 29.648575 29.582108 29.179138 27.451027 26.785919
20.471626 20.053413 18.476845 19.185974 19.686386 26.404205 26.103226 30.476799 30.815582 30.810371 30.092171 31.108414 31.059402 29.813095 29.190727 28.847504 27.732513 26.954918 25.925346 25.713737 25.228653 14.651192 13.990189 13.008682 13.182899 6.616188 6.773720 7.858604 8.039230 14.987564 15.898232 15.828102 17.200539 17.422852 18.876671 14.747261 13.748863 13.902153 14.724060 15.856102 16.244087 16.725456 16.847832 28.964050 28.777641 28.791077 28.907166 29.076172 29.055138 26.802780 27.222572 28.416939 29.599258 29.477966 29.782486 29.465889 29.353981 28.250961 27.230171 27.403610
20.048714 19.630951 18.867867 19.498398 19.842957 25.778328 26.750763 29.852898 30.596725 30.355782 29.181519 29.192230 30.120613 29.830765 27.808220 28.270241 27.608429 26.665840 25.999329 14.229012 13.946091 14.484306 12.939323 13.153427 13.257271 6.468346 5.684845 4.679550 10.288116 11.285477 11.940247 16.761696 17.232307 19.811073 19.079132 18.091629 18.022133 18.107635 18.915131 17.309166 18.005211 19.540115 29.632629 29.891701 28.967041 29.178207 29.384338 29.102684 29.269379 28.730240 27.974777 27.870102 28.866913 29.470688 29.049873 29.162720 28.610214 28.021889 27.373009 27.701950
18.234840 18.418587 17.596321 19.128128 19.818848 20.117790 27.113319 27.962860 28.117699 27.334587 27.484795 27.746651 27.730782 27.908958 25.763107 26.510254 26.811882 26.472977 23.251381 13.437141 13.284264 14.383125 14.167465 13.028488 12.399193 5.869736 11.127670 4.852951 10.764748 11.728653 14.085342 16.918671 18.639984 19.618546 18.978783 23.854836 23.901672 22.931458 18.919449 19.353485 25.271202 29.418060 30.301193 30.191933 30.083351 29.720306 29.653389 29.690605 29.653709 29.095367 28.357834 28.248367 27.850601 28.602684 28.256027 27.926498 28.168922 28.232246 27.567863 27.452766
17.418709 17.891571 17.776146 17.600937 19.698761 19.729050 19.404678 18.545479 18.119072 26.652100 26.885422 24.202850 28.086304 29.257561 29.501419 29.237282 25.847305 24.081467 23.483353 21.007118 12.576523 13.568161 13.569908 13.048592 11.692360 15.535255 15.509888 10.963959 12.838127 13.087585 14.714973 14.991211 18.524757 18.744499 17.673363 24.148743 24.311737 24.032486 25.491646 26.652267 27.076950 29.729454 30.047859 29.962906 30.051994 29.898148 30.150887 29.902206 30.181412 29.303101 28.874275 29.016823 28.476479 27.752556 27.417992 28.753227 28.654175 28.973083 28.169373 33.138397
16.565842 15.921341 12.888313 17.933182 19.412476 18.015366 11.668060 18.068840 17.832092 18.417625 13.084595 28.762070 29.212555 29.708954 29.948128 28.731125 27.762840 25.613152 24.175819 21.053635 20.073555 12.115723 13.221466 13.078857 11.482140 11.419312 7.772171 11.184639 12.896400 13.854576 12.705254 14.763199 19.516777 19.231171 20.723274 23.954582 24.221710 24.930519 26.900536 26.795883 29.710373 29.633331 30.445412 30.520691 30.065514 30.905205 30.252159 30.031502 30.108665 29.628990 29.030426 29.138184 29.016396 27.986427 27.974716 29.128639 29.384964 29.040070 28.163895 34.067665
30.536873 28.625565 15.568642 12.921532 12.575317 10.244720 16.005013 20.305679 20.869194 20.412682 21.064819 28.953773 29.127762 29.705284 29.954590 29.494629 27.603012 26.298065 23.713722 22.397514 20.665375 18.175255 18.670753 14.289833 14.315964 11.338211 8.747215 11.924622 14.880409 15.606277 15.130493 19.339508 19.792740 19.359390 19.048729 23.866333 23.857735 24.938545 26.494888 27.529480 30.484474 30.701195 30.609650 30.455849 30.689728 30.778877 30.336624 30.109909 30.116302 29.691399 29.344414 28.916611 28.748787 27.998512 28.543831 29.466209 29.386299 29.178703 28.697144 34.452164
30.653778 28.878120 28.639290 15.362053 12.729652 23.155815 22.459251 22.101295 21.603157 20.889793 22.634033 28.544518 28.914825 28.631111 29.420692 27.914146 26.823021 24.704308 23.674103 23.761688 22.400558 23.097908 23.753822 22.372322 22.309380 14.719498 14.070602 11.507713 15.156929 15.052399 19.085030 19.569717 20.646767 21.279228 21.619255 22.077095 24.361107 24.991714 27.582512 27.755035 30.228912 30.849411 30.901947 30.927475 31.332230 30.806442 30.774582 30.756332 30.114090 29.542274 29.415710 29.201637 29.151093 27.768364 27.779144 29.351776 29.074402 28.611259 28.639893 29.194344
30.940231 28.958115 28.639603 28.072266 25.310516 24.016151 23.255966 23.215317 24.027863 24.636925 24.209915 27.358154 27.758560 27.968689 27.971848 27.159607 27.321350 23.632019 22.207970 22.985970 23.976784 24.453217 24.877258 23.896729 24.414986 16.267761 14.635963 16.298798 18.997353 18.978455 19.257133 19.981285 20.486702 21.125244 21.405655 23.133209 24.409668 25.326370 27.873489 28.369926 30.551567 30.841843 30.921684 30.968132 30.838577 30.886612 30.745033 30.485039 30.133804 29.445854 29.677315 29.433334 28.985512 27.937218 27.656357 27.996254 28.506424 28.190254 28.412598 28.694611
