ducke_chm.asc
ncols 484
nrows 677
xllcorner 174708.0000
yllcorner 9674355.0000
cellsize 1.0000
nodata_value -9999
[rows 234 to 259 of 677, columns 120 to 179 of 484]
11.802353 16.798439 17.542671 24.458275 24.405106 20.206596 18.396011 15.970528 16.203468 14.398262 14.169495 23.370110 23.362267 23.513046 23.575760 25.111374 26.787315 26.708725 27.187355 26.686188 26.482979 26.254593 25.913155 25.699219 23.313065 23.840958 24.560196 23.905235 22.624023 22.138962 22.304237 22.272987 21.800262 22.112732 21.535110 22.915001 23.052666 21.983620 20.536598 18.402580 17.090652 14.197792 10.693535 8.010658 11.214233 11.424858 11.037155 9.355690 5.712440 3.595734 14.863091 15.629807 16.031654 16.074120 14.313400 13.002151 25.059013 26.808914 26.824593 30.767654
17.244453 17.450500 17.193336 18.158310 19.040779 18.742188 17.037903 15.765938 15.754463 13.121193 16.711441 23.386345 23.924812 23.909828 24.129517 26.501938 27.041710 26.657516 26.906921 26.231491 26.270203 26.064911 25.613609 24.467834 22.934990 23.674240 24.070786 23.507225 22.682137 21.107582 19.846878 19.941422 19.675858 18.981949 23.846832 23.083122 25.131821 24.647552 20.845825 18.235985 16.998337 13.313011 11.220467 10.339584 9.642342 10.970856 9.836449 14.454063 16.034088 14.820374 13.540382 4.805687 8.003937 15.958176 11.415771 11.606895 23.389954 25.757385 27.683914 31.132111
19.597069 19.434578 19.026878 19.032372 18.184029 17.789459 23.893600 23.556358 23.405472 23.305717 21.371361 22.874252 23.546394 23.747612 24.258163 27.460022 27.475433 27.230499 26.455887 25.957817 25.650726 25.106819 24.820847 24.530952 22.080559 23.094185 23.172829 22.895294 21.261940 21.196068 19.971680 18.925255 19.657951 25.250854 25.204987 25.204605 25.439262 25.255959 24.533569 19.792313 18.554306 14.446625 12.539307 11.318024 10.157761 9.914398 12.061203 12.049637 15.804680 16.318726 14.927284 12.520195 12.425377 15.793922 13.386284 12.740273 21.814018 23.206436 27.762520 30.171059
19.497704 19.821388 19.406792 19.078171 18.870758 23.694168 24.251869 24.394493 24.203468 23.428322 24.627907 23.837662 23.581741 23.205086 24.512001 24.372993 27.083450 26.440704 26.468117 24.546272 24.177025 24.475037 24.455147 15.093590 15.028519 21.286797 21.869049 22.320824 22.778923 22.124634 19.718086 18.291351 24.989250 25.416794 25.656738 26.046852 25.356911 25.529350 24.896889 20.694763 20.247803 14.940033 12.947952 11.141151 9.183594 9.371155 11.480721 14.909760 16.446686 16.590256 15.780510 14.341019 17.472511 17.566483 16.627739 14.011139 14.298134 22.982193 27.726273 29.950890
19.558510 19.712959 19.369438 19.071350 18.008171 18.163544 24.549850 24.209290 24.191933 24.364571 24.487282 24.205589 24.137169 24.588852 24.328339 24.280891 24.069893 23.701118 23.330154 3.518387 2.488983 16.702621 12.917099 17.758858 18.461899 21.454498 22.551384 22.977615 22.999382 22.289917 20.727509 17.999557 25.015656 25.586075 26.148483 26.425461 24.825211 24.905533 23.256378 22.509163 22.688850 20.103500 14.941490 10.610611 9.549431 9.240105 12.022888 12.482674 16.811371 16.484093 15.723564 16.933853 18.022713 18.166100 17.423058 14.065536 14.580620 14.399506 26.171532 36.141029
19.408501 18.978615 18.937317 18.785721 18.260422 18.304955 18.687454 24.041054 23.959320 24.526917 24.711899 24.329948 24.354958 24.819656 24.580963 24.972588 24.299561 24.104576 23.325798 12.186226 16.792419 16.842094 13.298355 18.045937 21.879326 21.737297 22.176987 22.853813 22.829910 22.429024 21.864784 17.804375 20.310760 24.457123 26.319031 26.342804 24.628510 24.200417 23.169678 22.954514 22.723351 20.550308 16.631035 16.181007 15.150635 15.924103 15.836220 16.722198 16.600075 16.517609 15.684662 16.881165 17.476944 17.421547 16.818977 13.142937 13.969566 13.084625 26.958961 36.932350
10.327118 17.876099 18.161003 17.358299 17.448997 19.318489 19.911621 22.169899 23.957550 24.311859 24.764420 25.049423 24.907440 24.808151 26.003494 27.280602 27.396713 25.932060 23.316185 23.167259 16.614655 17.402924 14.500832 22.018906 22.151901 21.920502 21.806587 22.360657 22.738533 21.197525 20.771172 17.779129 18.231163 20.274185 24.869003 21.854370 24.466293 23.819626 23.349442 22.982002 22.133812 16.597946 17.111961 20.189407 15.786377 16.304939 16.125305 20.085526 20.131241 16.948601 17.067146 18.513168 17.331642 16.256943 15.726387 11.194824 12.791245 11.920464 27.160248 39.374680
15.101433 16.485527 16.967377 16.740112 19.340652 19.555786 19.438217 23.128906 24.044029 23.322456 24.362511 24.967842 25.146400 25.080490 27.842079 28.343056 28.346817 26.691536 25.790039 23.434807 23.184425 17.536736 17.494453 21.796509 21.902351 21.464279 22.297134 21.762596 19.861404 19.399529 16.492165 16.202843 18.218315 18.550598 20.848343 20.877632 23.253075 23.394691 22.672356 22.585716 21.148766 16.294624 19.870323 20.359818 19.932617 16.968811 15.880600 20.465302 20.755165 19.926262 22.145615 18.576180 20.340706 18.279388 11.621422 11.920555 13.189529 14.171265 35.390419 39.786270
3.077599 16.001114 15.865860 15.791458 19.640144 19.755394 20.034073 23.392410 23.461151 23.354874 24.229752 35.874931 35.954926 34.966492 33.183777 32.492508 28.274857 27.540077 25.236549 23.834229 23.689194 18.939156 18.260460 21.573982 21.313683 22.125679 22.563362 22.589699 19.335083 15.960197 15.777794 16.688736 15.945801 18.134850 20.269066 20.993469 21.896492 21.997719 20.753365 21.148026 16.578644 15.735893 20.172012 20.422089 19.783928 19.102203 15.192711 21.015770 21.010246 20.067863 22.180832 21.628693 20.945335 18.279663 11.850822 12.446342 32.466080 31.564613 38.496727 40.094154
12.712303 11.391914 6.390366 20.273079 20.410316 23.339073 24.084297 24.904053 25.226791 34.306702 35.372032 35.823845 36.092926 35.764626 33.384430 32.451782 27.968384 27.106003 24.860222 23.176994 23.469543 19.854034 19.871964 18.927010 18.906929 22.042297 21.988243 16.260994 16.352379 16.249550 16.401955 16.254967 16.314949 15.800407 18.136070 20.973999 20.759506 19.134239 19.025604 12.915253 13.748466 14.631004 19.115211 19.270790 19.043816 24.083344 24.231522 23.404060 22.807182 21.854111 20.887871 21.656776 21.545250 17.558243 14.941124 12.942871 34.674919 36.639626 37.703697 39.342941
13.679138 13.283928 18.771179 19.842758 19.897797 23.771896 25.564186 25.140404 25.331856 34.504326 35.290588 36.044968 35.960899 35.542778 33.491135 31.261070 30.433464 27.762383 26.711945 24.591499 19.378433 20.133698 19.820663 19.745247 18.961563 18.069221 18.145851 17.789108 16.288116 16.293831 16.181480 16.346512 15.918396 15.803665 16.095421 19.485764 19.588966 16.878365 11.801735 12.617989 12.768539 14.207970 14.198860 14.102440 23.537857 24.551208 24.753067 24.199394 23.740227 22.977768 19.402992 20.618904 18.457649 17.668213 14.217400 31.721336 35.644348 37.958084 38.281792 38.739166
14.253029 19.973785 20.310020 19.579567 24.254593 24.230927 24.810539 25.263458 25.116386 34.053154 34.312248 35.911140 35.435127 35.126732 33.042030 32.282784 30.835678 27.916016 27.669754 25.985733 19.988419 19.954475 20.840172 21.162186 21.153564 16.957664 17.610229 17.826805 17.797470 16.160713 16.213707 16.172157 14.986176 14.549431 16.429649 17.122871 16.900810 16.747375 13.891777 10.468689 10.366920 9.769920 10.370575 5.243645 24.553093 25.106506 25.120087 24.637634 24.019928 25.462425 25.440681 25.470711 26.145538 25.554176 13.940742 4.560074 36.219841 37.820404 37.914246 36.423515
17.703728 23.857185 24.404343 24.226494 24.142899 24.089043 24.287643 25.707497 25.144150 32.687767 33.899918 34.403671 34.646088 34.385475 33.738243 32.614326 27.924080 27.532806 26.544510 23.973663 21.233849 20.004021 20.846138 21.390129 21.678688 21.163155 18.071198 18.175438 17.900414 9.031464 14.039604 15.081207 15.631233 15.596512 16.499634 16.957901 15.946106 15.829552 14.194931 21.289314 21.069672 5.754753 4.906387 7.009872 25.619377 25.614136 25.562187 24.683235 29.240959 29.127953 25.771698 26.478622 26.294739 26.762550 26.401405 6.259094 6.681061 38.030479 38.866104 39.726364
18.049591 24.139435 24.836380 24.649002 24.671967 23.963966 25.477127 25.714172 25.482254 32.369598 34.018951 34.968796 35.018272 34.931107 34.833687 34.061737 33.851639 32.017540 26.257484 25.778435 22.527061 21.962845 21.275681 21.749435 22.515205 21.772675 17.955925 18.112633 17.151108 15.002365 19.077431 19.103920 18.378242 15.382065 15.739685 16.382431 15.903488 22.344604 23.605461 24.052551 22.906418 21.038246 5.287697 25.292496 25.830063 26.031876 27.704498 29.140823 29.285965 29.532227 28.217781 26.582466 26.520256 26.738411 35.619316 35.503700 34.338913 38.162651 38.603241 38.695625
20.182419 24.173973 24.913986 24.854370 24.548241 23.656487 24.964813 31.967285 34.241127 35.275520 34.925026 35.743698 36.179497 36.086304 36.194405 35.375488 34.387283 32.592560 25.622345 25.436668 23.093567 17.807594 20.662308 22.121788 22.381271 21.804848 12.889168 11.160767 35.962410 36.025894 19.247787 19.572342 15.843864 15.684944 15.637283 19.419434 19.285515 22.348541 24.435204 23.810150 23.373238 21.301437 11.204597 11.895752 25.930557 26.345238 28.013924 29.350693 29.268616 29.523369 28.725929 28.401100 28.408035 31.117729 35.881119 36.435272 37.126175 37.624069 38.242050 36.683922
21.344078 23.703369 23.947189 24.260834 24.123581 23.296745 28.019958 34.102417 35.475098 35.607445 36.090820 36.488541 36.478210 36.490433 36.117188 35.813972 34.856987 34.154762 25.085464 23.186089 22.810593 10.954269 20.072845 21.580894 22.437447 22.663177 34.859520 35.709404 36.474785 36.917877 36.764595 15.625893 7.759529 14.774338 12.174194 23.676445 19.404167 24.549957 24.357475 23.628204 23.641327 23.752090 23.333656 23.354759 23.307991 17.852600 25.635124 25.619583 28.795647 29.084564 28.576027 31.295746 31.709106 31.293526 35.641479 36.772522 37.029854 38.123245 38.779579 38.082436
20.277100 20.772301 21.096191 29.225159 19.044518 19.037003 21.186531 35.114182 35.494850 35.652634 36.126785 36.529549 36.648201 36.695534 36.509094 36.102386 34.453209 33.866310 27.540131 14.903702 13.633446 9.678886 3.658272 17.724556 17.144829 22.484322 11.529701 39.189743 39.858185 39.484406 37.816040 37.718384 36.642792 29.162224 29.580467 24.453056 24.160370 24.364487 25.098366 24.843552 24.063683 24.319809 24.843201 22.878067 23.018967 27.780304 28.400696 28.312065 25.257317 26.494553 32.379326 33.954758 34.314087 34.655426 34.940376 36.549278 35.980011 38.005501 38.351227 38.163155
32.676247 32.057663 31.987251 28.980446 28.493797 15.878487 20.641663 33.359421 35.274765 35.922691 36.128586 36.153061 36.787392 36.696114 36.659431 35.358154 34.229568 33.108818 27.748314 12.582336 9.699867 18.690536 18.786362 18.664581 18.676407 17.550697 37.554932 39.996040 39.975899 39.617592 39.598740 39.485260 37.620689 36.623734 30.300354 28.999214 28.786621 24.556335 24.743965 24.503510 25.142586 25.664116 25.151558 24.025711 23.544594 28.071381 28.363228 28.213394 28.207756 28.083046 32.663391 34.546432 34.701576 34.715965 34.980545 35.022713 36.006645 35.396423 37.874916 37.573288
33.312531 32.917397 32.223602 28.938103 28.908615 28.552139 33.046951 33.551277 35.480415 35.686768 36.049110 36.072266 36.221069 36.010262 35.671585 35.229225 32.702667 32.096931 27.350388 12.305069 18.903313 19.891380 19.632072 19.459038 24.885452 36.727425 37.316269 39.912567 39.953079 39.708389 39.855209 39.748047 39.039726 36.865204 30.769073 29.065338 29.253311 24.284012 24.810959 24.101555 25.514809 25.277893 24.717422 24.179901 23.939423 23.316383 28.407669 28.002731 28.331451 28.573517 32.388977 33.391472 35.257980 35.758698 34.806084 35.881195 36.522247 37.917709 39.123337 40.357643
33.833748 33.459290 32.565102 31.356888 30.637260 28.228394 32.906013 33.575500 34.123169 34.307243 36.033653 36.175232 36.103180 35.316536 35.350319 35.104958 30.467018 28.439423 26.264687 10.389359 19.139778 19.617477 20.268654 19.103264 25.905022 26.434868 36.752129 38.051407 39.620102 39.689102 39.764191 39.767838 39.246506 30.190186 30.388336 29.545563 29.300133 24.350647 23.214714 22.606697 25.148933 24.840652 23.448792 23.416298 23.286827 26.501396 27.704384 28.608902 29.113327 28.809158 32.405777 33.227852 35.393372 33.719284 34.030380 35.625168 36.431740 38.810753 39.284286 40.166298
34.068214 33.555351 32.585640 32.316833 31.873634 20.603806 25.989716 32.173843 33.528183 33.065025 35.049942 35.549217 35.368042 34.661674 34.409233 33.496254 31.211342 28.197723 14.833290 14.993523 16.294174 16.670166 20.078644 18.934578 25.944931 26.504608 26.309738 35.507477 27.486305 39.192039 39.685921 39.608978 28.680664 30.082375 29.920784 29.506660 27.928299 23.034340 23.093781 21.318672 19.759140 17.392426 16.566528 23.083961 22.703461 25.582695 28.019875 28.538269 29.232864 28.939354 28.925987 28.826950 35.212112 31.284042 33.823990 34.904167 35.556847 38.707047 39.281082 39.178345
34.290085 33.303879 33.287560 32.106087 31.290627 23.241051 21.682976 30.002075 30.643021 31.707138 32.276802 32.906471 34.066528 34.513435 33.986160 32.648567 31.444328 27.477234 18.748512 15.657249 15.710983 15.727867 19.234001 19.016373 18.873779 15.817390 14.515343 30.708679 30.731407 29.400917 29.129395 28.385834 29.021095 29.994431 28.966995 28.414200 27.503548 21.956253 21.194878 21.137718 14.481026 16.855064 14.926231 16.829529 21.614281 17.728714 27.696106 27.433678 28.915443 28.233910 28.319160 28.464592 28.052376 27.918205 33.761948 35.212616 35.785362 36.034081 39.344940 39.259201
33.367729 33.411560 32.903870 31.968300 32.930359 32.845001 32.155464 32.294830 30.386490 32.367126 32.569588 32.518150 32.327507 32.928474 32.802315 32.417450 30.440353 21.061745 19.494392 23.956375 14.656273 14.723152 18.248314 18.080032 16.456383 15.682686 29.556519 30.485733 30.789696 29.715836 29.061890 30.415665 29.248680 29.524872 27.707748 27.891327 15.232513 21.035591 20.905922 20.576881 12.617203 10.786781 11.969406 18.028580 18.414986 19.117821 19.325722 18.409874 16.003456 16.246552 28.397690 27.691605 27.904091 15.648979 32.795738 35.446503 35.782478 36.074501 38.937126 37.878380
33.503151 32.743950 32.786324 30.039673 35.638000 35.977303 36.281334 33.825623 35.362724 32.404282 32.616737 32.373062 32.230316 32.754227 32.567711 31.986748 20.867302 23.827995 25.217209 24.154236 22.170815 14.075470 12.348747 16.393425 16.389465 16.111198 28.832031 30.099785 30.978806 30.416183 31.269234 30.436241 29.116402 14.132011 13.224693 13.274948 8.250771 16.171181 10.201103 9.653526 11.155388 11.780258 19.522041 20.788536 20.550079 20.291092 20.720810 19.474075 17.715126 16.514488 16.207451 15.023941 12.042084 14.988991 16.292137 30.631294 35.201973 34.823891 36.813782 37.085098
32.435020 32.177040 33.392334 35.396378 36.401711 36.515701 36.266365 35.913124 35.626770 35.200531 32.053436 31.927383 29.037552 27.914253 28.368629 28.143715 23.841118 24.399872 24.837624 24.349174 19.974380 18.215439 23.461189 16.219604 16.308121 16.566742 14.614685 27.737900 30.233215 30.593002 31.086365 29.226746 27.950897 13.307899 13.160423 11.393875 11.681740 9.343399 10.225258 9.893387 11.261208 11.776588 20.135117 21.187210 21.667259 21.455482 21.564049 20.631256 19.227242 18.476845 17.882118 16.250877 11.931107 15.043182 16.418083 16.659744 15.972198 14.212616 32.048203 36.974373
31.671783 33.680466 35.605377 36.754402 37.459152 37.498482 36.708572 35.949539 36.480591 35.742111 33.564583 29.714981 29.429436 29.418594 29.080841 23.925804 25.214821 27.299957 28.160622 28.070747 28.099892 29.252251 28.114426 21.953011 22.807281 22.831070 21.735962 12.614525 29.320076 30.368538 30.089836 28.707985 28.124710 12.709000 12.980247 13.312668 11.686440 9.359962 9.576927 10.509338 10.979294 11.684364 19.790047 20.913765 21.713882 21.837608 21.717331 21.062683 19.179710 24.441269 25.522484 25.945908 27.251610 27.321869 25.998291 22.693008 22.629509 21.372292 25.325401 25.640312
