ducke_chm.asc
ncols 484
nrows 677
xllcorner 174708.0000
yllcorner 9674355.0000
cellsize 1.0000
nodata_value -9999
[rows 156 to 181 of 677, columns 60 to 119 of 484]
25.516838 29.933472 30.042290 30.262886 31.373779 27.996529 27.648445 25.974174 33.535080 33.985413 34.591606 34.793427 35.054390 35.128578 34.854179 34.610901 27.084137 29.593361 29.859413 30.596634 29.375076 22.245789 22.696632 22.670105 22.803238 22.836311 22.280022 22.081573 23.742668 23.624023 21.189720 21.854652 22.400505 22.295448 20.647705 19.567993 20.260101 22.026321 22.438179 22.354630 22.592255 22.304626 23.076729 22.949509 22.309761 21.034286 20.748947 20.350082 18.626381 18.396721 17.607658 27.419807 28.465294 29.242317 29.136971 29.059654 28.111282 30.576134 32.307220 32.467873
25.650856 31.251381 31.290367 31.100540 31.102829 30.807976 30.681358 30.336517 33.692192 33.936745 34.409401 34.864784 35.060562 34.896530 34.522591 34.358925 22.576950 25.276535 26.465370 25.390923 21.697617 25.184708 25.714684 25.995407 26.206650 26.432022 26.435799 25.696899 21.053192 21.540398 21.582100 21.527855 21.084015 20.203522 19.607506 19.368889 20.385956 22.327438 22.876732 22.932159 22.807373 22.676086 22.737465 22.778534 22.519188 21.865044 21.528625 20.549530 21.092308 19.311310 18.988327 18.205139 28.318878 28.884903 28.062378 27.714088 28.077835 26.671623 32.088516 32.979477
29.839462 31.104744 31.878433 31.851006 30.758530 31.191483 30.864006 31.889786 32.623840 33.313667 34.116730 34.573692 34.827423 34.600906 34.324814 22.551262 5.360573 21.453743 25.517960 25.258797 24.313293 26.639076 26.792671 28.015343 27.851906 26.393852 26.878372 25.776291 25.791176 21.638268 21.799950 19.938416 19.893425 19.312248 19.136597 22.117157 22.279022 22.485794 23.033882 23.029274 22.953346 22.913132 22.703941 22.508492 22.478394 22.043571 21.512253 21.278870 21.461029 21.986588 21.981255 20.876816 20.678001 20.313705 20.375504 21.069534 28.330200 27.802414 31.638870 32.613052
32.128418 33.456146 32.166016 32.034302 31.237938 31.794762 31.439926 27.175529 32.696678 33.020714 33.304680 33.140633 33.709618 34.388809 22.447266 22.510124 3.179604 23.108772 22.701401 27.077209 24.339333 27.500175 28.262535 28.891609 29.556648 29.748848 29.003342 27.699280 25.976082 24.386261 17.102768 17.194832 18.382500 19.061348 18.198654 21.020264 22.298386 22.384438 22.994347 22.965782 22.900429 22.840508 22.244186 22.505829 22.443008 22.268158 22.343483 22.691490 21.980148 21.986267 22.732079 23.321144 21.537689 21.069290 28.382454 29.348816 29.580734 27.496071 26.940933 31.472984
33.304253 33.388290 28.282791 31.156540 31.586945 31.562592 31.576347 29.299873 29.453331 27.317604 24.297966 24.512108 22.457764 22.574677 22.094940 3.134583 24.359146 26.880928 26.972786 27.210197 27.057159 31.523621 32.194038 32.768707 32.680885 32.052071 29.656395 28.363770 26.704674 24.618668 17.112061 17.051086 17.427124 18.173195 18.272018 16.435738 21.557686 22.119843 21.800400 23.119286 23.138832 22.801201 22.282234 22.513573 22.129715 23.654869 23.350456 22.912384 22.506836 22.715645 23.174423 25.000893 25.438644 25.664146 29.092262 29.489708 28.841675 26.055588 28.250458 28.785454
33.597748 28.354691 28.189789 30.530945 32.084572 27.933212 28.851288 29.510834 29.657166 28.288818 27.389153 26.762634 20.566154 21.765083 21.462662 16.623558 24.646484 27.803246 27.495605 29.471161 29.516541 31.029839 33.293579 32.818756 32.583839 31.113411 29.688583 28.280251 29.851837 25.114746 17.255424 17.225662 15.075645 15.304665 15.216759 14.959312 19.094971 19.564293 21.552765 23.193230 23.105125 22.845764 21.936272 22.449936 22.893433 23.318604 23.306137 22.383583 22.646347 23.180618 23.004967 25.742584 26.021210 25.794571 29.294724 28.941536 28.547112 27.044113 27.906563 29.058746
32.177605 31.955933 28.574455 30.270653 30.379883 27.681641 27.357910 28.034012 28.092667 28.441208 27.480217 27.190453 20.618301 20.083069 18.785362 18.708771 27.076981 28.128784 31.572655 31.732224 31.479347 32.429573 33.062233 32.697678 32.443199 32.287720 29.078560 30.000999 30.346680 30.472420 30.171280 15.443527 29.898109 29.868774 29.612694 18.382996 18.752510 19.297600 19.594292 21.367073 23.079353 21.703957 22.575157 23.836250 23.104057 22.666870 23.115166 22.788483 22.626579 22.816254 23.099564 24.989090 26.424812 24.886574 26.104164 26.932205 26.899033 27.867249 27.453934 29.616180
32.272438 32.923729 23.450401 23.905518 23.328102 27.531242 26.619225 26.185249 27.376030 27.380013 26.861488 21.251785 19.972298 16.779167 19.149460 18.829803 27.116821 27.740547 30.953033 32.284218 32.151855 31.788063 32.116524 32.514923 32.538666 31.910233 30.139191 29.642189 30.337799 30.442032 30.236717 27.877884 30.499062 30.558319 30.247017 29.815933 13.848305 18.536118 19.199738 15.165382 19.395210 22.917938 23.317329 23.910065 23.700249 22.768333 23.045029 22.998528 20.860420 22.860420 23.330574 23.325958 22.386711 23.990997 26.082413 26.484734 27.417038 27.263702 27.921989 29.299500
22.848366 24.740273 29.264694 30.222725 30.549530 24.977043 25.100014 25.681221 25.878769 23.201080 21.125687 21.303108 19.737595 19.665749 19.230095 19.860077 25.018524 27.617111 31.177307 32.228401 32.309418 32.537933 32.372375 31.891510 32.545593 31.217392 30.281151 30.440697 30.793564 31.509247 31.626366 29.221825 30.350769 30.719200 30.867615 30.411240 15.664841 17.071136 17.898788 16.933075 15.905098 24.717903 24.897606 23.765060 23.443764 23.421013 22.062065 20.504364 20.076569 22.494499 23.131004 23.380432 22.219246 22.620064 24.507866 24.175339 27.285912 26.614319 27.226662 27.047905
25.971123 29.004349 29.677803 30.677170 30.596481 29.068054 23.332909 23.348969 22.674301 21.558617 20.918747 20.293007 20.226570 19.731514 20.429901 20.897446 24.551376 28.009369 29.160370 30.691536 32.705811 33.242577 32.589447 32.793701 31.766983 31.649879 31.723419 31.267151 31.501617 32.046638 32.105873 31.351173 30.170135 30.843620 31.448647 30.744102 30.027573 27.254280 17.010574 15.981827 15.906342 24.744339 24.801056 24.256187 23.196922 23.068016 21.410934 18.986160 21.069115 21.129768 21.010658 27.589653 28.717018 28.810043 23.533150 27.330742 27.660782 26.571861 26.970322 27.127075
25.957222 23.859222 29.220940 30.026505 30.121635 29.495888 24.040573 23.416183 22.478889 21.963074 20.665962 20.450539 20.742218 20.298943 20.562294 20.742432 19.347160 18.789307 27.504745 33.443123 33.713593 33.369514 33.412903 33.440620 29.685051 31.208694 30.730270 31.555527 31.418411 31.626671 31.790123 31.608208 31.417992 30.717445 31.225395 17.736153 29.840813 27.156517 17.052353 18.596596 18.679283 22.633911 23.394798 23.909515 23.375153 21.965233 19.185478 19.279213 20.352707 20.278076 21.112473 28.168068 29.828529 28.551277 28.226570 23.962471 24.185799 26.676033 25.503159 25.825539
26.050323 23.701492 28.789291 29.394112 29.376709 24.022331 24.287354 22.436661 22.447487 21.701889 21.955360 21.941666 21.808754 20.823532 18.323494 18.318230 17.530869 17.170959 14.560471 27.631470 33.380661 30.510475 33.523758 33.571030 28.849915 28.707458 30.561249 31.039238 31.066429 31.629768 31.612259 31.698639 31.302414 30.224213 30.309082 25.644341 27.838104 27.334503 27.600883 26.742844 22.476898 21.483574 20.758644 23.649200 23.172997 18.971985 23.557968 23.782379 20.671394 20.912560 26.523933 29.767586 29.777176 29.044579 28.160789 24.061043 23.911499 23.204720 21.845093 23.474861
25.139877 23.969948 23.609489 21.518661 24.593086 22.512268 22.569374 22.599213 22.712601 21.747963 22.031967 22.257080 21.749443 21.049911 18.451927 16.697617 17.354515 17.312775 18.471260 18.202812 31.140617 30.126419 25.685410 26.070778 28.517921 29.187004 30.565002 29.662880 30.017708 30.568756 31.774376 31.686882 31.188904 30.277061 30.200279 27.677948 28.213104 27.971115 28.297844 28.414452 27.546928 21.806999 20.919456 18.447159 18.212906 18.189339 23.521088 23.692673 22.301277 22.835754 26.166061 29.061272 29.380684 32.191406 31.219246 23.381454 23.240852 22.746933 21.777916 22.963135
23.146652 23.207321 23.697342 20.744789 22.285431 23.540054 22.944214 22.633606 22.735512 21.849297 20.184761 22.107010 21.413567 20.844841 17.921509 19.241005 22.035217 20.230659 19.621475 21.469551 18.410889 17.847641 19.395699 27.529037 28.422462 29.446678 30.567314 30.697617 30.218620 30.102242 30.439690 29.443375 29.299049 30.185066 26.635460 27.714958 28.325317 28.315834 28.414055 28.638824 28.415199 27.010818 22.284454 20.693275 22.048790 22.396355 23.461258 23.351318 23.126297 23.076759 28.422897 28.964043 32.229294 32.579994 32.498390 32.864265 22.065598 22.897469 22.410843 22.915688
26.011429 23.590866 28.786446 27.603989 22.576996 23.469200 22.832199 22.679924 22.490112 21.626350 20.535500 20.389191 21.074387 19.251373 18.574463 20.751419 22.865982 24.110123 22.577988 22.743507 22.602905 18.406425 27.469452 28.102875 28.537109 30.044319 30.905312 30.574295 30.547432 30.785576 30.379257 30.209930 29.681351 29.596527 28.599678 28.586647 28.377235 28.363739 28.229225 28.335625 27.944244 27.068459 21.964951 20.963081 23.644264 23.525108 22.773125 23.146835 22.950668 22.592575 30.767128 30.863220 31.829895 32.657570 33.328316 31.917206 22.719780 22.939331 23.174446 22.981934
28.516800 26.703148 28.514931 28.213242 27.500954 27.816330 28.080902 22.620590 22.271782 21.836433 21.563484 22.787247 21.712845 20.538300 20.128693 23.954880 23.949806 24.293510 23.581673 22.452255 22.153816 21.070976 17.754883 27.982536 28.718719 30.193810 30.798996 30.468033 30.872749 30.799988 30.368782 29.921715 30.254250 30.319321 28.567200 27.762413 27.805923 28.113663 27.832848 27.624649 27.230972 22.659286 21.834450 23.376472 23.587723 23.626007 22.979591 23.037384 22.976563 27.384491 31.490387 31.620758 31.462044 31.688278 32.222206 31.613297 22.711655 22.972557 22.982475 22.793968
28.507538 27.947968 29.294418 29.024544 28.949440 30.042213 28.090363 28.101830 22.611771 22.866806 22.931023 22.864616 22.193985 21.606110 21.568947 22.666565 23.770035 23.721077 23.464966 22.639320 21.812645 21.075272 18.011154 27.711845 28.220444 29.841270 30.159050 30.714729 30.711525 30.936806 30.699821 29.873207 30.549812 30.724869 29.959892 28.137932 26.544617 27.223396 27.518723 25.480309 23.123001 22.651802 22.330109 23.616623 23.893074 24.150612 23.230469 26.296387 28.932281 28.298698 31.332146 31.794861 31.644073 31.836403 31.541367 31.531898 22.710007 22.242523 22.338593 22.260788
30.321564 30.576599 31.535034 30.435936 30.173889 30.228668 28.179146 22.264679 23.099487 23.389648 23.363869 23.515816 23.331581 21.416084 22.167488 22.684334 22.779884 22.784996 23.694733 22.904274 21.295845 20.923012 18.102203 26.682861 28.616096 29.053436 30.450958 30.590225 30.702927 30.752724 30.204048 30.058525 30.250679 30.210785 30.017357 28.277946 25.338493 25.787666 25.588081 24.575752 23.051186 21.876236 21.108673 21.136780 24.142952 24.433769 26.077301 28.756203 28.825951 30.545830 30.821632 31.367508 31.535385 31.781342 31.579460 31.536850 22.620514 22.340469 22.387466 21.904442
30.736320 31.629387 31.252281 30.345688 30.575157 30.464211 28.114799 22.285110 23.682137 23.846245 23.916847 23.295288 22.535828 22.125702 22.505997 23.088722 22.866623 23.474716 23.290581 22.717072 21.969513 21.339722 17.574760 17.394524 27.319481 28.352348 30.286812 30.632500 30.878105 30.811195 30.125488 29.928741 30.164154 29.600548 29.437302 27.314789 21.975136 22.204353 22.612427 22.704094 21.980827 23.870049 24.687225 24.362396 24.875221 25.450516 26.265564 27.232422 29.024773 29.120987 30.554955 30.644569 30.566727 31.034363 30.984108 8.818909 6.135170 21.907166 22.062263 17.140366
31.879005 31.255455 31.400650 31.088264 30.519234 30.406868 31.039406 26.208923 23.337837 23.639328 23.500557 22.778915 22.470787 22.160240 22.372330 23.361343 22.893745 23.894920 23.317863 22.328453 21.137398 20.356346 17.641510 17.575127 25.559105 28.791351 29.816277 30.212616 31.073547 30.469597 33.100983 34.600815 34.245148 29.365120 28.880089 27.365273 21.424278 21.602150 22.296097 22.135811 19.510109 24.388168 24.607414 24.629524 24.854584 25.711197 27.253601 27.634735 28.709221 29.083542 28.966125 29.153549 29.024063 28.519180 26.956779 15.012978 13.668564 17.892540 20.472565 20.798225
31.413361 31.484985 31.399117 30.918396 30.949982 30.095428 28.340096 27.767082 22.649826 23.207199 23.514771 22.767609 21.940933 21.991241 22.260429 22.411201 22.447182 23.558914 23.074913 23.174744 20.283325 20.516975 20.123291 25.469429 27.079376 28.808846 36.455452 36.486168 30.062073 33.820480 33.662758 34.385094 34.355377 29.155197 27.699570 27.154228 19.769707 20.082222 20.594238 21.017235 20.075012 24.740517 24.756912 25.060974 25.119942 25.294235 25.134659 27.974815 27.925781 28.555359 28.683678 29.036354 29.281281 28.536758 27.809868 21.097839 16.061394 16.962410 20.648056 23.475685
31.285385 30.926643 30.869492 30.732483 31.070023 29.639084 28.648804 27.719757 21.686813 22.295868 21.845711 20.903656 21.607689 21.820366 21.427429 21.600761 22.064117 22.041306 22.505882 22.686539 20.273338 19.951813 18.950096 26.166824 26.910721 27.077492 36.595276 36.422516 36.805786 36.694122 33.824516 33.747604 33.877075 33.271004 26.947487 29.908081 3.466545 19.843178 20.215195 20.511330 19.830025 24.643105 24.472038 24.885468 24.910347 24.988808 25.127090 25.406174 25.270149 28.777985 28.693161 28.902596 28.673752 28.406845 25.963287 21.218964 15.902534 19.156891 19.634727 23.984047
31.151138 31.316849 30.736526 30.353302 30.728973 29.230026 28.383675 27.705910 21.172249 21.009216 20.762497 20.716568 20.298157 20.608284 19.063293 21.909439 22.095215 23.033569 22.327087 22.197243 21.486496 18.438377 17.495842 25.282104 26.932686 27.096672 36.795448 36.656013 36.761108 35.892815 34.431618 33.676605 33.351105 32.989899 32.812370 31.888420 29.956825 3.575081 3.465797 6.009933 9.335175 8.313622 24.330566 24.474899 25.229324 24.971855 24.922646 25.278473 27.896774 28.046753 28.491707 28.620552 28.442978 27.925827 23.581612 21.180374 18.470573 15.976601 21.599518 24.669998
30.711121 30.739815 30.468666 29.624527 29.248489 29.263412 28.896660 21.427902 20.150589 20.624519 20.783554 20.988632 22.354210 24.073769 24.363800 23.864723 22.677124 21.808609 22.313026 21.830261 21.795631 25.112755 25.551186 25.188148 26.813919 27.738487 27.058960 36.806190 36.842781 33.827972 35.530853 33.238609 33.998238 33.840698 33.008560 31.450806 1.983917 3.618652 3.438347 1.352211 8.848137 7.923126 24.327003 24.616112 25.328255 24.443893 24.500961 24.749939 24.998383 25.502319 26.039055 25.820236 24.674431 23.737488 23.513496 20.196487 19.377632 16.670059 22.268478 24.369576
30.813446 30.791374 30.100182 29.990280 29.112373 29.392601 27.793930 21.134895 20.415207 20.420952 23.102654 23.703812 21.965622 24.543884 24.683762 24.267570 23.595161 22.612480 22.499565 22.252594 23.564682 25.457649 25.729935 25.175842 26.187645 27.576347 27.618004 28.661781 28.617737 34.210464 34.838608 33.628082 33.879669 33.476257 32.628670 14.783478 2.029251 1.665665 1.747856 1.624359 1.363960 7.604126 24.722527 24.733185 24.199440 24.115898 24.319008 24.797493 23.605408 24.609634 26.223351 26.125282 24.993774 23.530060 20.538872 20.819618 17.628532 16.762306 21.063141 22.470474
29.434357 29.264893 28.599754 28.104759 29.505989 29.296211 21.013252 21.233826 21.304649 21.657600 23.314362 24.025154 25.490623 25.981392 25.454597 25.367905 24.634834 23.800163 23.059425 22.537224 24.513161 25.108391 25.157654 25.159149 25.569427 26.501678 26.580200 27.387398 28.057770 32.951607 33.120735 32.877472 32.320717 32.181374 22.927269 22.934357 22.643494 14.566422 1.768105 2.351219 3.440575 3.036209 24.525551 23.868881 24.020004 23.721786 24.053970 24.130806 22.872978 24.556778 24.791145 25.287354 25.067955 23.431435 18.751602 18.052872 16.535927 14.282280 15.766747 16.407661
