ducke_surface.asc
ncols 484
nrows 677
xllcorner 174708.0000
yllcorner 9674355.0000
cellsize 1.0000
nodata_value -9999
[rows 182 to 207 of 677, columns 120 to 179 of 484]
96.166367 96.069267 96.071129 96.064903 96.068138 96.199997 96.144081 96.222801 96.331017 96.435776 96.720001 96.540001 96.790001 96.673340 96.411140 96.294914 96.025246 95.489998 95.884682 95.964951 96.015060 96.034966 95.971817 95.800003 96.050751 96.121971 96.091576 96.143333 96.135643 96.201630 96.293144 96.369995 95.730003 96.079216 96.131294 96.211807 96.233559 96.285683 96.289658 96.365257 96.357979 96.407631 96.625000 96.643333 96.410004 96.448715 96.438400 96.548462 96.566757 96.585320 96.573654 96.527702 96.511574 96.537514 96.628891 96.696663 96.783447 96.879997 96.665001 96.648262
96.189995 96.140022 96.141670 96.118835 96.156174 96.186340 96.212135 96.254501 96.312187 96.494843 96.582962 96.628548 96.637070 96.730003 96.561760 96.398979 96.132339 96.008347 96.011116 96.050301 96.080803 96.078773 96.052040 96.036293 96.059761 96.086189 96.190002 95.834999 96.147377 96.529999 96.342857 96.559998 96.211876 96.139526 96.150002 96.236900 96.290665 96.300140 96.302750 96.341293 96.367256 96.405525 96.426666 96.658569 96.442474 96.416298 96.400002 96.600052 96.809998 96.630379 96.596848 96.559792 96.349998 96.645004 96.626991 96.699432 96.879997 96.781487 96.736443 96.699089
96.193932 96.185097 96.178421 96.186310 96.185440 96.211006 96.249863 96.271362 96.328880 96.500000 96.699997 96.543106 96.545082 96.515991 96.467094 96.356705 96.279999 96.145813 96.164948 96.134682 96.117455 96.111275 96.144516 96.095551 96.114670 96.093376 96.088692 96.094933 96.156052 96.089996 96.257179 96.272499 96.190002 96.216560 96.215302 96.400002 96.321533 96.279999 96.313507 96.354828 96.363197 96.386520 96.320000 96.449997 96.050003 96.510002 96.726662 96.650002 96.665016 96.682022 96.646400 96.572258 96.556656 96.452499 96.633591 96.689720 96.629997 96.733337 96.668488 96.617996
96.261032 96.211449 96.232468 96.210289 96.204918 96.231934 96.226509 96.271393 96.305801 96.387543 96.446243 96.456017 96.425064 96.417786 96.360260 96.489998 96.349899 96.211868 96.218178 96.184036 96.159187 96.182137 96.177315 96.139572 96.160019 96.119095 96.118416 96.139252 96.264999 96.156723 96.108894 96.202271 96.181908 96.174812 96.218094 96.274521 96.321068 96.334625 96.340134 96.401360 96.377045 96.300003 96.615005 96.853333 96.690002 96.566475 96.760002 96.584999 96.750000 96.660004 96.651825 96.658783 96.595238 96.642830 96.694069 96.708405 96.686050 96.674065 96.580002 96.649513
96.355247 96.291588 96.236153 96.229195 96.227676 96.223648 96.236870 96.246231 96.283859 96.325180 96.368454 96.308792 96.309822 96.279732 96.303696 96.307663 96.300400 96.257950 96.243416 96.191818 96.184891 96.213959 96.198074 96.156403 96.142677 96.143692 96.156441 96.049416 96.056274 96.022537 96.081161 96.148132 96.162277 96.110001 96.209297 96.286636 96.316444 96.352219 96.412132 96.447212 96.420425 96.375000 96.409996 96.511162 96.506676 96.589996 96.596611 96.394997 96.794998 96.695915 96.690628 96.685738 96.697693 96.698708 96.895004 96.724152 96.701218 96.678940 96.658676 96.632034
96.410126 96.313492 96.271248 96.218216 96.222610 96.233849 96.224457 96.238647 96.245102 96.297073 96.316216 96.270767 96.202217 96.209999 96.188881 96.218140 96.235855 96.247459 96.449997 96.050003 96.197601 96.290001 96.205170 96.136269 96.145271 96.132462 96.116989 96.037109 95.650002 95.989273 96.079056 96.168251 96.193787 96.211357 96.271820 96.338898 96.367035 96.377808 96.433472 96.589996 96.433998 96.396370 96.398712 96.010002 96.714996 96.726662 96.580002 96.595001 96.624924 96.690849 96.697250 96.715469 96.705406 96.700729 96.629997 96.683395 96.658844 96.682434 96.645996 96.626091
96.366600 96.300179 96.267624 96.224968 96.175941 96.211288 96.200790 96.214645 96.253975 96.264359 96.299995 96.231056 96.190842 96.091362 96.077293 96.087921 96.199997 96.239601 96.269798 96.249084 96.218857 96.237030 96.193359 96.189583 96.179085 96.157173 96.183434 96.099037 96.045677 96.062782 96.136803 96.203964 96.245987 96.256813 96.303253 96.440002 96.349998 96.377785 96.400047 96.440407 96.510002 96.399994 96.490005 96.683327 96.498001 96.677139 96.735558 96.533997 96.655083 96.726089 96.776375 96.776291 96.724403 96.678383 96.680412 96.706871 96.675606 96.664978 96.652702 96.592369
96.302834 96.266228 96.230698 96.189827 96.156227 96.094467 96.132408 96.222275 96.278717 96.253853 96.195007 96.164955 96.133621 96.013458 95.699997 96.059448 96.216049 96.265762 96.271744 96.231903 96.225082 96.221626 96.227287 96.152412 96.118774 96.123840 96.161484 96.228638 96.165802 96.179268 96.207016 96.260513 96.273361 96.280060 96.318253 96.358086 96.375145 96.408180 96.349998 96.279999 96.468124 96.615005 96.743340 96.523338 96.708000 96.516663 96.848335 96.596672 96.824997 96.738670 96.919998 96.776146 96.692482 96.658554 96.671570 96.754997 96.736221 96.689354 96.576790 96.544159
96.293915 96.234718 96.174004 96.117302 96.081795 96.043198 95.839996 96.540001 96.289101 96.233070 96.180000 96.168846 96.130661 96.039307 95.908333 95.889999 96.629997 96.246140 96.244202 96.202087 96.191887 96.223907 96.226860 96.174187 95.889999 96.193954 96.310898 96.283417 96.241699 96.260002 96.271278 96.306412 96.318932 96.327896 96.334030 96.367996 96.398033 96.408760 96.550003 96.433182 96.473030 96.575348 96.629997 96.783997 96.619995 96.540001 96.825554 96.463341 96.611038 96.670868 96.710968 96.675018 96.626450 96.602455 96.630547 96.672623 96.660004 96.989998 96.250000 96.492455
96.354240 96.232590 96.110435 96.046700 96.062477 96.035263 96.082878 96.166695 96.215591 96.201950 96.169281 96.166885 96.109772 96.072670 95.921249 95.610001 96.057838 96.176720 96.194092 96.210861 96.230003 96.292885 96.327728 96.273941 96.253731 96.610001 96.407883 96.343399 96.279671 96.296806 96.308067 96.317268 96.342995 96.342705 96.340233 96.366402 96.369980 96.420433 96.447624 96.446907 96.487686 96.511650 96.612518 96.706009 96.892502 96.779999 96.752502 96.444000 96.599159 96.629318 96.600388 96.527748 96.518951 96.577522 96.598656 96.647362 96.718697 96.700340 96.690002 96.580864
96.449997 96.213631 95.900002 96.023262 96.018150 96.123123 96.100975 96.174019 96.160347 96.186974 96.187225 96.149536 96.209274 96.163483 95.933327 95.951111 96.072281 96.105484 96.164978 96.188530 96.257629 96.335472 96.341026 96.340538 96.330376 96.380379 96.389549 96.349159 96.294563 96.283333 96.332138 96.309998 96.345703 96.331062 96.322876 96.329201 96.366371 96.374695 96.444283 96.429161 96.396317 96.421646 96.472992 96.670097 96.910004 96.875000 96.650002 96.626793 96.605286 96.584732 96.565308 96.305000 96.476929 96.549126 96.624298 96.684380 96.641426 96.757805 96.763420 96.643333
96.306252 96.204491 96.122421 96.051552 96.076859 96.079948 96.250000 96.110001 96.168289 96.220001 96.168304 96.212807 96.228966 96.419998 96.194901 96.097832 96.180397 96.163147 96.198639 96.199821 96.232597 96.500000 96.453331 96.394142 96.327225 96.377434 96.366684 96.349129 96.322701 96.314087 96.337906 96.489998 96.326241 96.256966 96.242104 96.301285 96.327362 96.367744 96.403099 96.397324 96.290001 96.110001 96.456261 96.400002 96.959999 96.756104 96.684341 96.588058 96.739998 96.576828 96.537117 96.530838 96.531059 96.588318 96.676605 96.699699 96.735077 96.761650 96.963341 96.794998
96.205223 96.205399 96.120033 96.088783 96.035118 96.020554 95.974998 96.250000 96.130157 96.123131 96.120003 96.144157 96.233826 96.180000 96.215042 96.169716 96.207298 96.189964 96.191109 96.153893 96.099998 96.286209 96.379997 96.349678 96.324387 96.369812 96.368431 96.338791 96.300018 96.322769 96.250000 96.364281 96.312576 96.110001 96.190002 96.301125 96.375237 96.404221 96.429642 96.404129 96.402405 96.709999 96.462425 96.513962 96.523392 96.557236 96.520622 96.531784 96.379997 96.518837 96.500000 96.531105 96.634865 96.668137 96.661110 96.738701 96.764236 96.765045 96.489998 96.698189
96.196945 96.199997 96.128334 96.059471 96.010170 95.955345 95.860001 96.026970 96.059586 96.097473 96.105324 96.158966 96.176498 96.237633 96.260643 96.233635 96.244751 96.207977 96.201126 96.156746 96.089996 96.251015 96.302399 96.349998 96.326118 96.389999 96.372742 96.360023 96.336884 96.331917 96.464996 96.385986 96.328583 96.230003 96.236671 96.344696 96.392494 96.401939 96.385315 96.376038 96.420837 96.464478 96.497131 96.420143 96.466820 96.213341 96.488297 96.482918 96.477867 96.498947 96.581810 96.653122 96.708702 96.775139 96.824593 96.819382 96.848495 96.895004 96.639999 96.729973
96.154854 96.153351 96.063271 96.024910 95.966774 95.920006 95.925003 95.991203 96.051247 96.089249 96.129898 96.148445 96.185379 96.234039 96.489998 96.273773 96.250443 96.212067 96.202354 96.188988 96.189919 96.240997 96.330002 96.307198 96.322929 96.334000 96.332855 96.349709 96.329224 96.339996 96.383141 96.391548 96.367081 96.470001 96.440002 96.395004 96.440002 96.364037 96.414413 96.458702 96.398026 96.427025 96.409958 96.386925 96.410004 96.580002 96.461761 96.486305 96.502060 96.550087 96.599243 96.830002 96.776627 96.840179 97.019997 96.886978 96.813889 96.940002 97.000000 96.727501
96.176094 96.102463 96.029572 95.928154 95.903839 95.924362 95.915001 96.002884 96.044075 96.099251 96.093475 96.090202 96.109146 96.177338 96.236618 96.212379 96.214401 96.167694 96.180153 96.196281 96.190582 96.248100 96.280144 96.315453 96.276108 96.332657 96.324097 96.313736 96.355186 96.406479 96.408478 96.335861 96.333466 96.367088 96.279999 95.930000 96.120003 96.376793 96.475426 96.519997 96.354378 96.320000 96.323822 96.324821 96.279999 96.411812 96.464218 96.471336 96.484375 96.532196 96.598251 96.652855 96.727509 96.980003 96.861786 96.822868 96.786263 96.725014 96.671867 96.643425
96.177437 96.097580 95.839996 95.942696 95.743340 95.974304 96.040001 96.070747 96.075439 96.099632 96.076096 96.049561 96.086769 96.081406 96.143761 96.114922 96.149139 96.161102 96.171570 96.167465 96.229996 96.264297 96.288704 96.310295 96.310173 96.292702 96.320053 96.363335 96.279999 96.650002 96.410698 96.339996 96.129997 96.470001 96.385445 96.294136 96.485001 96.449997 96.475731 96.595001 95.910004 96.249634 96.298904 96.230003 96.305084 96.364563 96.417107 96.439217 96.455559 96.498901 96.493423 96.581779 96.648033 96.717758 96.760857 96.730484 96.695000 96.617439 96.209999 96.649925
96.176888 96.132500 96.090874 96.056465 96.020004 96.209999 96.106102 96.156319 96.141609 96.056213 95.991776 96.000122 96.026794 96.029831 96.057755 96.048721 96.114838 96.140617 96.179993 96.080002 96.232056 96.300484 96.313446 96.314064 96.321762 96.339996 96.089996 96.619995 96.493813 96.495003 96.170006 96.320511 96.344406 96.352898 96.680000 96.341782 96.145004 96.384605 96.455276 96.505005 96.379356 96.318985 96.347794 96.337456 96.340042 96.388542 96.412918 96.479996 96.470085 96.466843 96.511261 96.608299 96.622253 96.696526 96.735924 96.728012 96.686897 96.649597 96.632935 97.070000
96.089996 96.160004 96.349998 96.186546 96.163727 96.120003 96.161057 96.175934 96.184036 96.075264 95.699997 95.967392 96.041985 95.979996 95.949997 96.065918 96.130569 96.164391 96.209381 96.339996 96.324997 96.323067 96.341522 96.349495 96.334366 96.356064 96.629997 96.680000 96.476158 96.383148 96.258003 96.354996 96.322487 96.400650 96.133995 96.370003 96.336990 96.364952 96.427902 96.466728 96.406380 96.425812 96.451225 96.402756 96.366150 96.367294 96.378395 96.403343 96.408401 96.458900 96.517166 96.567383 96.598885 96.664757 96.691597 96.643578 96.582275 96.626312 96.630577 96.703781
96.161385 96.203346 96.236191 96.285240 96.223221 96.240799 96.273293 96.311111 96.278938 96.148392 96.035934 96.046257 96.094521 96.103302 96.079025 96.133003 96.099998 96.181099 96.238419 96.247498 96.301453 96.330185 96.316528 96.326584 96.308189 96.353554 96.447861 96.469009 96.418343 96.388687 96.347618 96.336189 96.382553 96.580002 96.348717 96.360001 96.346985 96.389580 96.409073 96.465775 96.450050 96.481850 96.519997 96.458069 96.381630 96.313179 96.279366 96.307457 96.400429 96.489937 96.517113 96.561707 96.583206 96.632378 96.637520 96.592293 96.577713 96.593056 96.513138 96.614853
96.200066 96.209457 96.294998 96.338753 96.355492 96.279327 96.339996 96.519997 96.182602 96.148552 96.145874 96.010002 96.279999 96.208954 96.180000 96.182991 96.360001 96.224846 96.218086 96.299995 96.272484 96.320000 96.286171 96.291153 96.349205 96.320000 96.332832 96.318115 96.349998 96.360451 96.321106 96.345177 96.334183 96.272499 96.326004 96.338509 96.314270 96.350601 96.399651 96.478363 96.589996 96.498177 96.483841 96.440201 96.385162 96.199997 96.070000 96.326660 96.475609 96.511795 96.542816 96.573395 96.566292 96.580002 96.578362 96.578850 96.571541 96.470001 96.481636 96.543022
96.193550 96.242783 96.302208 96.580002 96.363152 96.311302 96.278770 96.206955 96.000000 96.173920 96.194374 96.529999 96.309998 96.260002 96.225052 96.227890 96.216553 96.212082 96.178810 96.139999 96.238098 96.253639 96.089996 96.459999 96.270004 96.410004 96.309319 96.010002 96.290497 96.330391 96.373314 96.362061 96.286354 96.269997 96.291580 96.258751 96.339996 96.227966 96.305382 96.629997 96.532616 96.506287 96.505890 96.461227 96.399002 96.344513 96.359184 96.660004 96.535385 96.550270 96.562538 96.590721 96.567574 96.554413 96.557861 96.571747 96.555847 96.533287 96.492195 96.488266
96.169640 96.190704 96.283386 96.337234 96.361023 96.320686 96.273575 96.174843 95.970001 96.349998 96.089996 96.259521 96.298264 96.237091 96.225044 96.330002 96.110001 96.127701 96.167534 96.203125 96.309998 96.230003 96.269150 96.266167 96.370003 96.305626 96.314217 96.459999 96.306351 96.371002 96.398445 96.440002 96.199997 96.169998 96.233780 96.260139 95.919998 96.148880 96.029999 96.445000 96.459206 96.540001 96.445953 96.387375 96.382835 96.399033 96.428871 96.508217 96.551041 96.554504 96.561287 96.566597 96.559685 96.568565 96.445000 96.524384 96.548866 96.527878 96.477463 96.462563
96.177582 96.251976 96.259605 96.323494 96.306450 96.338211 96.348747 96.261665 95.854996 96.093323 96.161263 96.219780 96.226913 96.219666 96.059998 96.176003 96.183578 96.104309 95.910004 96.510002 96.244789 96.309998 96.187553 96.279358 96.073334 96.247261 96.295349 96.334808 96.362038 96.343529 96.445000 96.323273 96.190002 96.269470 96.311646 96.301460 96.510002 96.201157 95.930000 96.193909 96.357925 96.422676 96.413673 96.279999 96.424698 96.510002 96.467766 96.521706 96.544014 96.559937 96.556801 96.576431 96.599998 96.630211 96.599113 96.583115 96.579971 96.565048 96.540688 96.490334
96.259293 96.301102 96.334587 96.366867 96.343384 96.382240 96.709999 96.345764 96.175362 96.020004 96.225006 96.243263 96.258675 96.224442 96.191658 96.223404 96.194038 96.165459 96.104996 96.204025 96.211189 95.830002 96.370003 96.180000 96.542000 96.059998 96.246567 96.333282 96.340355 96.307732 96.169998 96.323914 96.347748 96.329491 96.307442 96.374954 96.365059 96.295982 96.194046 96.247032 96.335915 96.407440 96.451836 96.455681 96.492569 96.518364 96.516357 96.541328 96.534882 96.546898 96.553925 96.590858 96.618942 96.800003 96.664253 96.628471 96.598511 96.573982 96.523598 96.576645
96.311646 96.330002 96.311516 96.304657 96.298256 96.368980 96.380791 96.397316 96.247429 96.205719 96.203568 96.281075 96.270775 96.277596 96.246742 96.247940 96.235031 96.234772 96.320000 96.293648 96.218521 96.199997 96.234169 96.305588 96.269997 96.333336 96.320908 96.367981 96.394997 96.300453 96.150002 96.459999 96.386940 96.349327 96.385635 96.345039 96.356659 96.348663 96.143333 96.328438 96.390755 96.441429 96.495674 96.599998 96.540314 96.535545 96.529999 96.516960 96.490387 96.502983 96.544182 96.552032 96.608467 96.650871 96.637604 96.611778 96.574715 96.523796 96.519035 96.550003
