ducke_surface.asc
ncols 484
nrows 677
xllcorner 174708.0000
yllcorner 9674355.0000
cellsize 1.0000
nodata_value -9999
[rows 494 to 519 of 677, columns 420 to 479 of 484]
53.927368 53.986401 54.092056 54.135082 54.102638 54.090000 54.400002 54.166668 54.060001 54.316666 54.389999 53.978973 53.830856 53.711590 53.518230 53.279999 53.700001 53.799999 53.936665 54.103333 54.000000 54.049225 54.080647 54.081512 53.915001 54.115402 54.190979 53.790001 54.430000 54.561653 54.682560 54.815300 55.035542 55.167973 55.218788 55.160000 55.394333 55.557087 55.740345 55.770000 55.815193 55.795807 56.040012 56.106533 56.070000 56.316109 56.743889 57.052486 57.363094 57.641731 57.909325 58.132427 58.416927 58.565121 58.774754 58.959831 59.008945 59.147266 59.260242 59.386894
53.923466 54.019703 53.880001 54.020000 53.845001 53.639999 53.965294 54.006668 53.908001 53.610001 54.029999 53.540001 53.681641 53.590420 53.453857 53.189999 53.660000 53.852501 54.130001 53.822502 54.099998 53.986328 54.062248 53.932846 53.905891 54.028236 53.975441 54.026588 54.179527 54.156666 54.055000 54.570000 54.711391 54.812042 54.796185 54.705002 54.995884 55.239346 55.379768 55.471405 55.380798 55.189999 55.637661 55.745335 55.450001 56.075367 56.461037 56.777126 57.080498 57.371765 57.589462 57.821663 58.008526 58.226238 58.240002 58.378551 58.587643 58.731716 58.912224 59.045773
54.279999 53.940002 53.933357 53.895443 53.853531 53.810688 53.864822 53.868618 54.084999 53.780945 53.830002 53.639999 53.410000 53.476955 53.478531 53.388420 53.200001 53.825001 53.750000 54.139999 53.975208 53.988548 53.879616 53.731186 53.720623 53.797554 53.926403 53.981007 54.058842 54.332500 54.246670 54.189999 54.485569 54.504425 54.360001 54.389999 54.764507 55.049999 55.160107 55.106228 55.182621 55.213943 55.397427 55.533733 55.618988 55.869671 56.177555 56.496449 56.771965 57.045761 57.278629 57.334999 57.666813 57.778629 57.888130 58.076889 58.323555 58.545712 58.650311 58.763287
53.935810 53.949234 53.871052 53.837322 53.811386 53.767242 53.779137 53.759838 53.480000 53.590000 53.650089 53.602642 53.511627 53.500000 53.498722 53.466648 53.250000 53.380001 53.792515 53.861832 53.948544 53.808990 53.733906 53.380001 53.220001 53.755001 53.799999 53.856613 53.921734 53.849998 54.150002 54.244999 54.236008 54.279995 54.189999 54.325367 54.533745 54.687153 54.736721 54.783813 54.849998 55.020000 55.067005 55.282810 55.355690 55.633163 55.941593 56.187286 56.485718 56.714554 56.907669 57.114559 57.360001 57.435932 57.548981 57.877171 58.310001 58.419998 58.500660 58.450001
53.880001 53.877014 53.842533 53.828697 53.778297 53.723915 53.785328 53.692070 53.604313 53.578949 53.573517 53.555515 53.531391 53.419998 53.565422 53.579224 53.919998 54.040001 53.806736 53.904999 53.807232 53.795242 53.681602 53.345001 53.481194 53.750000 54.139999 53.740002 53.778397 53.806301 53.870552 53.955986 53.976803 54.031498 54.111511 54.129879 54.375584 54.319614 54.408520 54.537140 54.436665 54.684155 54.838699 54.529999 55.048248 55.378868 55.648773 55.942894 56.120567 56.300156 56.522991 56.744976 56.866623 57.036655 57.262516 57.369999 58.389999 58.294998 58.283428 58.211693
53.971138 53.899208 53.809708 53.748962 53.718510 53.721405 53.693810 53.711681 53.621174 53.553417 53.575111 53.540001 53.575291 53.630001 53.562752 53.677147 53.812061 53.849300 53.827576 53.787502 53.764286 53.724751 53.884998 53.445000 53.209999 53.910000 53.900002 53.791935 53.691593 53.588463 53.583508 53.678108 53.791679 53.570000 53.945454 54.164871 54.042198 54.017090 54.160000 54.282509 54.650002 54.450001 54.563866 54.707138 54.826939 55.095360 55.459999 55.638428 55.860001 55.605000 56.340000 56.303333 56.580296 56.805222 57.073685 57.520000 57.704319 57.873093 57.910000 57.910664
53.974819 53.849998 53.796772 53.540001 53.718887 53.700470 53.714691 53.670158 53.636040 53.560421 53.523914 53.575466 53.766666 53.529999 53.366005 53.970001 53.735001 53.755108 53.711403 53.713593 53.644264 53.618679 53.579151 53.369999 53.422440 53.543877 53.645531 53.643616 53.612461 53.257500 53.189999 53.526669 53.770000 53.770000 53.942684 54.001812 54.250000 52.869999 54.029999 54.031052 53.843334 54.112934 54.345093 54.487816 54.670856 54.580002 55.063931 55.347881 55.428925 55.680000 55.850662 56.102192 56.361912 56.599998 56.839836 57.092476 57.351486 57.493076 57.537548 57.641933
53.942966 53.863373 53.819099 53.803024 53.764507 53.703884 53.703091 53.660004 53.549782 53.527718 53.464603 53.460232 53.779999 53.584999 53.474998 53.500000 53.669823 53.676373 53.676907 53.632599 53.637001 53.550652 53.471294 53.414474 53.366497 53.481419 53.580383 53.595528 53.538879 53.457684 53.457115 53.700001 53.689529 53.900002 53.855370 53.888699 53.959999 53.688114 53.626667 53.815063 53.849998 53.744999 53.889999 54.549999 54.413548 54.597351 54.792027 54.993950 55.137772 55.040001 55.469063 56.189999 56.104874 56.396622 56.693672 56.896004 57.035229 57.113228 57.256470 57.560001
53.881168 53.837296 53.803337 54.000000 53.732578 53.686615 53.651161 53.615871 53.520958 53.230000 53.459419 53.209999 52.930000 53.723331 53.494999 53.537369 53.591805 53.648460 53.575481 53.566463 53.501156 53.484333 53.429958 53.029999 53.351048 53.430000 53.541359 53.523132 53.493038 53.459999 53.456486 53.559864 53.417500 53.860001 53.870003 53.660000 53.619999 53.730000 53.623711 53.669407 53.689297 53.634998 53.553333 53.930000 54.162735 54.396667 54.750000 54.660133 54.778660 54.882813 55.211552 55.180000 55.812122 56.138424 56.669998 56.597614 56.638512 56.741146 56.966499 57.040813
53.801556 53.775143 53.745312 53.465000 53.681244 53.676186 53.698826 53.642979 53.593334 53.439999 53.485317 53.810001 53.502014 53.525261 53.644730 53.634262 53.638184 53.643879 53.607449 53.410000 53.521446 53.529003 53.458961 53.369717 53.399105 53.509998 53.570000 53.490582 53.540001 53.316666 53.430000 53.599998 53.779999 53.720001 53.650002 53.589104 53.493225 53.484459 53.506081 53.572182 53.550003 53.659885 53.790001 53.544998 53.840618 53.980000 54.035999 54.196667 54.430000 54.743553 54.937820 55.174915 55.479042 55.825752 56.094864 56.215069 56.378971 56.595810 56.616016 56.743851
53.832890 53.724998 53.749111 53.709923 53.639999 53.674320 53.705387 53.679573 53.473331 53.612499 53.452854 53.470001 53.641064 53.799999 53.714386 53.740471 53.719795 53.680786 53.607109 53.541603 53.522175 53.493916 53.504147 53.490002 53.387054 53.614998 53.412102 53.455750 53.415001 53.416668 53.266666 53.380001 53.543335 53.592415 53.759998 53.420139 53.169998 53.286385 53.374149 53.473438 53.529476 53.790001 53.580872 53.130001 53.797997 53.902500 53.924545 53.990002 54.549999 54.450001 54.910217 55.124409 55.402668 55.619236 55.784103 55.972660 56.247215 56.364887 56.498020 56.480000
53.814896 53.750000 53.980000 53.768635 53.729340 53.738640 53.756760 53.734985 53.684574 53.658363 53.404999 53.400002 53.995003 53.870945 53.910000 53.769653 53.770000 53.669930 53.577869 53.562939 53.511448 53.488266 53.501190 53.376667 53.305000 52.990002 53.305027 53.375275 53.435257 53.380001 53.391666 53.346664 53.463333 53.422699 53.414082 53.296295 52.919998 53.182701 53.231266 53.347225 53.401577 53.482365 53.554230 53.720001 53.744999 54.095001 54.099998 54.182499 54.338909 54.580753 54.843979 55.023586 55.243214 55.346569 55.627739 55.867760 56.052540 56.270000 56.449326 56.499855
53.813423 53.610001 53.775692 53.845001 53.790470 53.759865 53.910004 53.822857 53.782459 53.910000 53.955002 53.800499 53.854557 53.880001 53.970001 53.854355 53.672737 53.585152 53.599110 53.527885 53.507359 53.487118 53.492401 53.649998 52.900002 53.184006 53.286526 53.346775 53.450001 53.692501 53.369999 53.214996 53.090000 53.315411 53.350452 53.228382 53.127209 53.131355 53.204220 53.207024 53.173649 53.279999 53.509998 53.779999 54.070000 53.715000 53.991322 54.109093 54.254616 54.544998 54.673088 54.843517 54.973347 55.194988 55.450043 55.687611 56.006702 56.172810 56.590000 56.490002
53.884514 53.560001 53.650002 54.110001 53.549999 53.813335 53.740002 53.885471 53.779999 53.937885 53.979198 53.990002 53.941296 53.917454 53.883854 53.798553 53.685360 53.130001 53.759998 53.599983 53.180000 53.513378 53.532429 53.240002 53.330002 53.323799 53.368954 53.354614 53.189999 53.388332 53.070000 53.540001 53.265400 53.259018 53.265846 53.268154 52.919998 53.093334 53.209999 53.121220 52.660000 53.279999 53.900002 53.774998 53.945000 53.720001 53.882469 54.056416 54.003330 54.000000 54.399094 54.531296 54.780807 55.054996 55.247055 55.340000 56.220001 55.865002 56.035000 56.360001
54.014275 54.009998 53.900341 53.779999 53.929951 53.936111 53.980385 54.015434 54.040604 54.099998 53.970001 54.009998 54.095001 53.987782 53.953487 53.906929 53.773720 53.689278 53.669407 53.685658 53.820000 53.667919 53.631092 53.553825 53.538342 53.502705 53.540001 53.396278 53.235001 53.224415 53.004997 53.232761 53.254513 53.255859 53.361511 53.349949 53.283463 53.490002 53.190002 53.115002 53.061569 53.240234 53.505497 53.685120 53.606663 53.814999 53.945698 53.957397 54.036667 54.146053 54.231155 54.259998 54.690941 54.917561 55.188927 55.445770 55.658215 55.840752 55.950001 56.139999
54.108871 54.169998 54.063137 54.043079 54.046333 54.290001 54.140255 54.188583 54.164589 54.194561 54.270000 54.006668 54.028812 53.986794 53.990402 53.906303 53.936760 53.815029 53.788090 53.778782 53.798706 53.749050 53.731636 53.820000 53.671642 53.614456 53.555973 53.520428 53.382519 53.303001 53.217625 53.217598 53.183689 53.240501 53.240002 53.650002 53.250168 53.202637 53.175434 52.970001 53.146168 53.269066 53.461269 53.580456 53.820000 53.831470 53.872795 53.966492 54.031506 54.072620 54.254845 54.359806 54.507698 54.833775 55.220211 55.248333 55.650002 55.640759 55.809998 56.009998
53.990002 54.112930 53.995003 54.480000 53.900002 54.250000 54.310001 54.285114 54.256817 54.300812 54.430000 54.192944 53.889999 54.037209 54.008144 54.026264 54.008190 53.886086 53.896729 53.880466 53.772701 53.745274 53.774216 53.811344 53.743866 53.658371 53.660316 53.629734 53.470001 53.354836 53.199409 53.175850 53.211647 53.220203 53.268208 53.291801 52.820000 53.185532 53.166634 53.154999 53.161278 53.264214 53.391068 53.539516 53.679443 53.729790 53.804390 53.907814 53.930183 53.948853 54.120903 54.262775 54.439999 54.619999 55.310001 55.709999 55.450001 55.478439 55.323334 55.955002
54.261147 54.216515 54.181412 53.770000 54.680000 54.341927 54.336117 54.349995 54.327637 54.329380 54.361893 54.297127 54.211220 54.124733 54.146542 54.119221 54.062706 53.997349 53.976078 53.916649 53.884403 53.509998 54.009998 53.878006 53.800480 53.751999 53.744820 53.930000 53.520000 53.372181 53.020000 53.227386 53.251938 53.343822 53.310383 53.291695 53.419998 53.197521 53.209229 53.226490 53.204552 53.244255 53.383930 53.492622 53.562912 53.616837 53.738098 53.750999 53.825794 53.902485 53.669998 54.261887 54.816666 54.813335 55.130001 55.251396 55.337383 55.313656 55.369419 55.290001
54.451180 54.446674 54.274033 54.291897 54.345848 54.446087 54.389999 54.508389 54.433083 54.320004 54.417999 54.543335 54.318565 54.290119 54.274456 54.222885 54.204174 54.133179 54.101345 54.084072 54.012730 54.160000 53.980843 53.869999 53.855900 53.790001 53.759998 53.751972 53.740002 53.349998 53.250000 53.301960 53.329094 53.319164 53.400002 53.297379 53.229973 53.221375 53.202839 53.209873 53.203030 53.284828 53.394329 53.445911 53.526718 53.604950 53.599110 53.725185 53.836327 53.847977 53.955074 54.230000 54.630001 54.713886 54.840702 55.014084 55.250000 55.160000 55.203560 55.375000
54.702003 54.391468 54.376076 54.381733 54.520000 54.230000 54.889999 54.659851 54.506664 54.424999 54.436192 54.444130 54.397957 54.367245 54.316498 54.315144 54.295551 54.220665 54.209888 54.151173 54.150002 54.038002 54.127144 54.160000 53.931499 53.799999 53.733425 53.749828 53.677906 53.542530 53.430565 53.416252 53.356213 53.301701 53.139999 53.279999 52.950001 53.162941 53.174740 53.040001 53.197079 53.308678 53.360382 53.402843 53.497383 53.449841 53.509575 53.597187 53.708401 53.877045 53.849998 54.195049 54.393772 54.474346 54.552593 54.748123 54.889999 54.959763 55.080002 55.160000
54.620003 54.364998 54.029999 54.709999 54.619900 54.643703 54.736454 54.869999 54.575001 54.440002 54.484173 54.506344 54.465950 54.404202 54.395058 54.366917 54.368362 54.363762 54.329559 54.286484 54.208126 54.159752 54.132160 54.124016 54.119999 53.680000 53.829235 53.773952 53.713955 53.623535 53.533279 53.489193 53.406574 53.306561 53.156666 53.152859 53.296665 53.224510 53.164471 53.175522 53.217163 53.266392 53.364071 53.447906 53.354687 53.332092 53.380768 53.476368 53.630928 54.040001 53.971081 54.270000 54.360001 54.195831 54.180000 54.453884 54.629128 54.788120 54.862938 54.914139
54.783875 54.939999 54.709999 54.994999 54.520000 54.910004 54.825680 54.745003 54.480000 54.650002 54.586597 54.598293 54.519802 54.503880 54.456413 54.428677 54.433731 54.570000 54.509998 54.330528 54.270752 54.215439 54.164505 54.135078 54.175003 54.044998 53.885143 53.913837 53.840015 53.560001 53.625034 53.549999 53.410000 53.369068 53.260666 53.139999 53.186768 53.189682 53.192444 53.144054 53.160000 53.205425 53.364498 53.380001 53.276218 52.934998 53.209770 53.349079 53.488853 53.509998 53.785648 54.110001 53.689999 54.038223 54.104721 54.379997 54.378345 54.772499 54.722832 54.627277
54.936272 54.919537 54.967499 54.520000 54.785137 54.860001 54.873993 54.810001 54.830002 54.681671 54.673218 54.631016 54.596813 54.545132 54.506657 54.450340 54.469234 54.480000 54.390373 54.318699 54.276634 54.229031 54.201130 54.143009 53.959999 54.064075 54.085548 54.046818 54.145000 53.774406 53.668339 53.810001 53.451664 53.506668 53.295673 53.191429 53.154999 53.117496 53.165367 53.095543 52.880001 53.175304 53.389999 53.439999 53.160000 53.171833 53.192081 53.302887 53.314381 53.420586 53.488476 53.624111 53.758820 53.955002 53.934254 53.610001 54.088150 54.292446 54.630001 54.363575
55.019386 55.012821 54.912498 54.919998 54.877182 54.899773 54.912434 54.901321 54.669998 54.794212 54.726784 54.698177 54.628571 54.589890 54.539589 54.526913 54.439762 54.388103 54.239998 54.307350 54.314953 54.284260 54.257210 54.184639 54.084999 54.139999 54.137829 54.310001 53.700001 53.750000 53.642677 53.532917 53.060001 53.362514 53.273331 53.290001 53.020000 53.139999 53.113258 53.112564 53.104515 53.104870 53.180000 53.240055 53.247364 53.198406 53.228600 53.141174 53.128666 53.179192 53.255363 53.189999 53.650002 53.930000 53.790497 53.789951 53.809601 53.955044 54.040001 53.920002
55.101856 55.145973 55.117767 55.091545 55.024872 55.064808 55.080193 55.012047 55.105003 54.820000 54.838764 54.766178 54.673405 54.627064 54.625061 54.560184 54.507256 54.270000 54.413319 54.399319 54.374023 54.352886 54.286243 54.261330 54.209396 54.161507 54.099998 54.063583 54.049999 53.779999 53.739925 53.439999 53.493393 53.505714 53.405792 53.174000 53.172161 53.133549 53.143490 53.121449 53.063419 53.054008 53.089920 53.160126 53.193596 53.226364 53.174683 53.083710 52.690002 53.016060 53.152149 53.268421 53.443199 53.541374 53.646263 53.589386 53.671127 53.663963 53.349998 53.930000
55.250000 55.209419 55.480000 55.070000 55.230000 55.126301 55.310001 55.128540 55.029293 55.149998 54.872997 54.813473 54.747013 54.703152 54.666660 54.660503 54.591419 54.650002 54.599998 54.529293 54.462845 54.366264 54.346867 54.313190 54.290615 54.246899 54.132599 53.790001 54.290001 53.989101 53.845547 53.959999 53.614262 53.605000 53.617500 53.440002 53.119999 53.206760 53.247486 53.139999 52.785000 53.085621 53.169022 52.950001 53.389999 53.212616 53.214611 53.055359 52.860001 53.041946 53.197510 53.248215 53.327404 53.544998 53.389019 53.392082 53.484230 53.537628 53.495087 53.650002
